0.41979 -0.26311 -0.089622 1
-0.92317 -1.5605 -1.6756 1
-0.93467 -0.63311 -0.82323 1
-0.74419 -1.2449 -1.3013 1
-0.71355 -0.90618 -1.0003 1
0.38399 1.0563 1.0067 1
-0.6557 -0.77419 -0.88419 1
1.0562 0.84745 1.0278 1
0.43463 1.2691 1.2128 1
0.055137 0.78318 0.74101 1
0.92321 0.54798 0.75175 1
0.37159 0.94469 0.94088 1
0.67433 0.20461 0.42752 1
0.92323 -0.11917 0.21934 1
0.81507 0.32137 0.57083 1
0.71505 0.096591 0.32108 1
0.40031 -0.53002 -0.28752 1
-0.7565 -0.86962 -0.97524 1
1.1572 0.93926 1.1865 1
0.92172 0.64865 0.875 1
-0.30068 -1.1878 -1.0929 1
1.0066 1.1881 1.3716 1
0.87044 0.56539 0.77578 1
0.49489 1.0235 1.0536 1
0.72169 1.1858 1.2012 1
-0.91123 -1.341 -1.4699 1
-0.51651 0.26508 0.036816 1
1.1784 1.3733 1.5837 1
-0.86369 -0.94878 -1.1154 1
0.22103 0.96474 0.87965 1
-0.44025 0.44153 0.24549 1
-0.34022 0.3887 0.22048 1
0.80372 0.87694 1.0122 1
-0.97606 -0.6382 -0.85664 1
-0.89173 -1.0753 -1.2324 1
0.84786 0.20227 0.43911 1
0.16453 -0.71916 -0.55532 1
0.69339 1.1838 1.2319 1
0.50261 -0.1215 0.066553 1
1.1053 0.73479 1.0247 1
-0.19416 0.42999 0.28275 1
-0.96837 -0.69368 -0.9121 1
0.96043 1.3177 1.4474 1
0.84228 1.0995 1.2008 1
-0.87369 -0.16514 -0.42089 1
0.10603 1.1378 1.032 1
-0.35623 -1.2588 -1.1779 1
0.56191 -0.095931 0.1288 1
0.41499 0.62577 0.65331 1
-0.76113 -0.23398 -0.40576 1
-0.49251 -1.2947 -1.2362 1
-0.32532 0.44948 0.26279 1
-0.38571 -0.94703 -0.90484 1
-0.63693 -0.11105 -0.32692 1
1.2656 1.216 1.4447 1
-1.1058 -1.0812 -1.2794 1
0.79562 1.1235 1.2223 1
0.30143 1.0317 0.97186 1
-1.1978 -1.0097 -1.252 1
0.36982 -0.6478 -0.42083 1
-0.3174 0.49055 0.28724 1
0.10693 -0.90918 -0.74967 1
0.57003 -0.092319 0.10435 1
-1.2114 -0.49073 -0.83372 1
-0.27265 -1.0404 -0.97339 1
0.93 1.3794 1.5142 1
-1.2247 -1.069 -1.3691 1
0.99776 0.58575 0.84106 1
-0.91921 -1.4219 -1.5176 1
-0.83244 -0.17316 -0.42403 1
0.41785 -0.27773 -0.12871 1
-0.93917 -1.1958 -1.3322 1
1.3227 1.4509 1.714 1
0.77871 1.3283 1.4127 1
-0.98041 -0.97279 -1.1716 1
0.93392 1.3572 1.4725 1
-0.17571 -0.99465 -0.92433 1
-0.84828 -0.64316 -0.81923 1
0.6457 1.4801 1.4828 1
-0.32026 0.44548 0.25659 1
-1.2463 -1.3366 -1.4815 1
0.075432 -1.0193 -0.84309 1
1.0686 0.56823 0.8348 1
0.5254 1.0821 1.0793 1
-0.73093 -0.32347 -0.49608 1
0.81162 0.29428 0.52223 1
-1.0967 -1.2505 -1.4002 1
-0.18824 0.58628 0.43444 1
-0.4327 -1.0017 -0.95171 1
-0.26548 0.52359 0.33497 1
-0.75969 -1.3127 -1.3443 1
-0.94657 -0.50434 -0.70888 1
-0.81794 -0.26712 -0.48949 1
-0.7752 -0.23184 -0.44463 1
-0.53826 0.25208 0.0075667 1
0.48626 -0.481 -0.20332 1
0.78927 1.3377 1.3706 1
-1.0564 -1.0673 -1.2795 1
-0.61147 -1.2581 -1.2831 1
-1.0099 -0.8424 -1.0537 1
0.36272 -0.44089 -0.2387 1
-0.8106 -0.9378 -1.0498 1
-0.5943 -1.2621 -1.2221 1
-0.44675 -1.0828 -1.0263 1
0.54494 0.82548 0.90427 1
-0.21242 -1.1293 -1.0366 1
0.53073 -0.47928 -0.21236 1
-0.29529 -1.2221 -1.1451 1
0.85491 0.66722 0.8402 1
0.89459 1.5105 1.588 1
-0.43402 0.44004 0.22344 1
-0.94682 -0.65859 -0.88225 1
0.75297 0.75542 0.88545 1
-0.86284 -1.1893 -1.3135 1
-0.65536 -1.062 -1.1132 1
-0.71831 0.069027 -0.19567 1
-0.33856 -1.1606 -1.1022 1
-1.0772 -0.87606 -1.0989 1
-0.90442 -1.5579 -1.6238 1
-1.1806 -1.157 -1.4059 1
0.73465 0.47792 0.63534 1
0.84092 1.3243 1.4282 1
-0.86271 -0.6401 -0.81412 1
0.50418 0.8222 0.84686 1
0.61081 1.2396 1.2827 1
0.74234 0.56318 0.736 1
0.8091 1.2275 1.3197 1
-0.90349 -1.2275 -1.3815 1
0.8686 1.0509 1.1597 1
0.10201 1.0725 0.96908 1
-0.69344 0.030344 -0.22489 1
0.6621 1.1816 1.1965 1
0.034205 -0.57534 -0.46483 1
-0.80148 -0.65496 -0.81587 1
0.93148 0.58737 0.79692 1
0.36498 1.0355 0.98 1
-0.58568 0.11922 -0.097022 1
1.2775 1.7972 1.9984 1
-0.23359 0.63547 0.46674 1
-0.57291 0.27336 0.029855 1
-0.43322 0.3196 0.095118 1
0.39509 -0.50476 -0.2828 1
-1.0223 -0.70448 -0.96252 1
0.027368 0.84526 0.72011 1
0.79378 0.23876 0.47442 1
0.99055 0.8609 1.1124 1
-0.046593 -1.0659 -0.92222 1
0.80398 0.29495 0.52311 1
-1.0174 -0.9661 -1.1831 1
-0.80287 -0.24589 -0.49487 1
-1.0636 -0.6843 -0.96506 1
1.1237 0.81428 1.0536 1
0.11919 0.89607 0.79426 1
-0.88167 -0.369 -0.60727 1
1.3129 0.77797 1.1224 1
-0.53717 -1.2501 -1.2439 1
0.72762 1.55 1.5847 1
-0.58407 -0.18207 -0.3746 1
-0.58681 -1.017 -1.0735 1
0.95136 1.1118 1.2233 1
-0.99804 -0.72773 -0.94392 1
0.75457 1.3784 1.4362 1
-1.0079 -0.80561 -1.0425 1
0.20807 -0.77577 -0.5798 1
-0.79835 -0.33168 -0.58935 1
0.60908 1.444 1.4568 1
-0.586 -1.1906 -1.2233 1
1.182 0.92503 1.2099 1
-1.0182 -0.58754 -0.83936 1
0.7531 0.30024 0.56196 1
0.77788 0.19283 0.40907 1
0.39779 -0.33619 -0.13067 1
-0.82664 -1.4105 -1.4743 1
0.29238 1.1063 1.1022 1
-0.95949 -0.7422 -0.96506 1
-0.69982 -1.1149 -1.2237 1
-0.082265 0.48815 0.37484 1
0.46117 0.90702 0.88021 1
-1.0007 -1.6678 -1.7959 1
-0.82862 0.1349 -0.17025 1
0.021216 -0.77482 -0.68211 1
-0.99366 -0.64104 -0.94631 1
-0.93607 -1.0117 -1.1874 1
1.061 1.4964 1.6508 1
0.37292 0.89062 0.86494 1
0.49472 -0.32566 -0.12481 1
-0.91995 -0.45203 -0.72394 1
0.91804 1.2426 1.3458 1
-1.0183 -1.3122 -1.4958 1
0.55535 -0.40747 -0.17568 1
-0.24821 0.44369 0.32321 1
-0.97059 -1.2023 -1.3329 1
0.8139 0.27916 0.51505 1
1.0096 0.86489 1.0813 1
0.87368 0.74764 0.94579 1
-0.94762 -1.3541 -1.4575 1
-0.92345 -0.23525 -0.51439 1
-0.573 -1.05 -1.0197 1
0.60628 -0.18238 0.013938 1
0.99003 1.0608 1.2754 1
0.99208 1.4279 1.5829 1
0.83731 0.6867 0.85144 1
0.06063 0.83181 0.72957 1
-1.1237 -1.3359 -1.5522 1
-0.64103 0.064259 -0.20202 1
0.81614 1.3173 1.42 1
0.20881 -0.60128 -0.45745 1
0.68082 0.0088444 0.2487 1
-0.31557 -1.0871 -1.0332 1
0.51158 -0.25449 -0.045184 1
0.40202 1.1515 1.1084 1
0.8179 1.4915 1.557 1
-0.78129 -1.1163 -1.2048 1
0.37099 -0.41989 -0.24042 1
-1.0369 -1.2532 -1.4123 1
-0.86898 -1.1411 -1.2735 1
0.86847 0.89009 1.0528 1
0.70816 0.099888 0.3594 1
-0.91312 -1.6354 -1.7349 1
-0.64997 -1.4275 -1.4219 1
0.76172 0.61984 0.80368 1
-0.77485 -0.3552 -0.60378 1
0.63346 -0.26582 -0.018412 1
-0.48119 -0.97676 -0.96086 1
0.51839 -0.20072 0.030324 1
0.56889 -0.28109 -0.00090974 1
-0.84355 -1.2139 -1.2817 1
-0.81061 -0.023408 -0.3057 1
1.2289 1.376 1.5646 1
1.0806 1.1782 1.3453 1
-0.41367 0.31744 0.12694 1
-0.30349 -0.91212 -0.89576 1
-0.048885 -0.9382 -0.81706 1
-0.65382 -0.92329 -0.98829 1
-1.2597 -1.4399 -1.6246 1
-0.97211 -1.2278 -1.3817 1
-0.57969 0.3291 0.087149 1
-0.71294 -0.3669 -0.57393 1
0.53158 -0.25007 -0.0043042 1
-1.108 -0.66258 -0.91976 1
-0.8208 -0.2007 -0.44021 1
-1.0101 -1.1678 -1.3211 1
-0.71609 -1.2277 -1.3236 1
0.77244 0.18671 0.43296 1
0.52918 -0.13393 0.060763 1
-0.84362 -0.21033 -0.47768 1
-0.91771 -1.4485 -1.5389 1
0.30763 1.0759 0.97281 1
-0.20595 0.53371 0.37461 1
0.69876 0.61062 0.74535 1
-0.67328 -0.013771 -0.25357 1
0.61683 -0.18912 0.044658 1
0.7746 1.3226 1.4125 1
0.36007 -0.53091 -0.33128 1
0.24178 1.195 1.095 1
0.92195 0.48695 0.72346 1
0.80125 1.1641 1.2688 1
-0.46211 -1.5305 -1.5059 1
-0.22494 -0.99793 -0.89815 1
-0.88046 -0.77895 -0.94756 1
-0.74398 -1.293 -1.39 1
-1.1732 -0.85821 -1.1701 1
-0.94884 -1.3705 -1.4728 1
-0.41283 -1.0696 -1.0178 1
-0.45495 -1.0417 -1.0027 1
0.87377 1.3344 1.4344 1
0.90649 0.98853 1.1514 1
0.9793 0.30589 0.61657 1
-0.47602 -1.0672 -1.0204 1
0.6 1.112 1.1521 1
0.56663 0.11425 0.31595 1
-0.8419 -0.1868 -0.41127 1
-0.81758 -0.039026 -0.33596 1
-0.70432 -0.082321 -0.30383 1
-0.75644 -0.060364 -0.2805 1
0.41516 -0.38398 -0.21651 1
-0.51025 -1.1019 -1.1052 1
-1.1212 -0.92898 -1.1703 1
-1.0083 -0.30492 -0.63656 1
0.72385 0.22427 0.43614 1
-0.63117 0.073085 -0.15538 1
-0.76459 -1.408 -1.4346 1
-0.68357 -0.069162 -0.28657 1
-0.57737 0.14166 -0.0708 1
0.48364 -0.16449 0.061071 1
1.0477 0.64472 0.92803 1
-0.35946 -1.1767 -1.1412 1
1.1609 1.1492 1.3742 1
-0.116 0.711 0.54251 1
0.018824 -0.93305 -0.78883 1
-0.61412 0.030027 -0.17251 1
0.31433 -0.67041 -0.47083 1
0.96272 0.59354 0.78132 1
0.18798 0.94083 0.8647 1
-0.81331 -0.40549 -0.59527 1
-0.80342 -0.50513 -0.68661 1
0.3346 -0.58087 -0.35616 1
-0.8688 -1.4814 -1.5607 1
-0.9356 -1.117 -1.2426 1
0.024343 -0.80052 -0.65281 1
0.82146 0.33517 0.60723 1
0.76173 0.94962 1.0643 1
-1.0151 -0.95825 -1.1398 1
0.65048 -0.10341 0.095434 1
-0.84172 -1.34 -1.4361 1
0.97331 0.67943 0.91035 1
0.93047 0.63851 0.84087 1
-0.6929 -1.1768 -1.2464 1
0.79186 0.597 0.78493 1
-0.90967 -0.14386 -0.44103 1
0.9845 1.5387 1.6244 1
-0.43308 0.12108 -0.090917 1
0.95756 0.78977 1.0147 1
0.48544 -0.20838 -0.036258 1
-0.21166 0.66176 0.54301 1
0.8865 0.34953 0.59526 1
-0.62926 -1.164 -1.1824 1
0.73686 1.0115 1.083 1
0.8116 0.5878 0.79051 1
-0.8165 -0.33319 -0.57163 1
-0.76812 -0.91278 -1.0373 1
-1.0783 -1.2846 -1.4688 1
-0.7886 -0.12309 -0.4062 1
-1.2608 -0.99273 -1.2911 1
-0.9408 -0.73408 -0.96595 1
-0.86542 -1.449 -1.5237 1
0.58756 -0.058102 0.15072 1
1.3092 1.552 1.7709 1
-0.85452 -1.1497 -1.3056 1
-0.76063 -1.2854 -1.3401 1
1.179 1.2964 1.5001 1
-1.0663 -1.2792 -1.4288 1
0.81924 0.45453 0.7171 1
-1.0713 -0.91839 -1.1512 1
-0.66776 0.2135 -0.027386 1
0.34869 1.0826 1.0382 1
0.6457 -0.31078 -0.038974 1
-0.88355 -0.44595 -0.67703 1
-0.90764 -0.85212 -1.0404 1
-0.57867 0.1296 -0.08104 1
0.2404 1.0354 0.96604 1
0.9036 1.1113 1.2183 1
-0.5279 0.59447 0.34902 1
0.20323 0.96618 0.89114 1
-0.29549 0.49198 0.31243 1
-0.34245 -1.093 -1.0626 1
-0.17116 -1.1308 -1.0026 1
-0.77285 -0.22126 -0.4874 1
0.21484 1.1695 1.1064 1
-0.86265 -0.27118 -0.49956 1
-0.96473 -0.21757 -0.51148 1
1.0094 0.86181 1.0498 1
-0.367 0.43803 0.19726 1
0.9944 0.61699 0.85332 1
0.55403 0.19593 0.37309 1
0.008787 -0.66052 -0.53347 1
-0.23387 0.72551 0.57313 1
0.95937 1.1726 1.3481 1
-0.92062 -0.81671 -0.999 1
-0.54691 0.10522 -0.09404 1
0.55666 -0.26001 -0.008781 1
-0.32976 0.34702 0.16435 1
0.94652 0.70858 0.91707 1
0.34325 -0.56019 -0.36145 1
0.75143 0.17062 0.4207 1
-0.41732 -1.2462 -1.2219 1
-0.97632 -0.86805 -1.067 1
-0.8569 -0.99312 -1.1515 1
-0.95429 -0.37745 -0.62733 1
-0.73497 -0.82552 -0.96373 1
-0.30001 -0.969 -0.90998 1
0.28221 1.1827 1.0844 1
0.45427 -0.37143 -0.14769 1
0.79863 0.9016 1.0213 1
-1.0692 -1.4668 -1.6372 1
-0.4501 -1.155 -1.1421 1
-1.0779 -1.1527 -1.3596 1
-0.2197 0.56123 0.38041 1
0.86263 0.36507 0.60855 1
0.7406 1.1989 1.2425 1
-0.80536 -0.8402 -1.0062 1
0.77777 -0.070006 0.21322 1
-1.2041 -1.1712 -1.4365 1
0.87874 1.125 1.2606 1
0.56412 1.2188 1.2048 1
-0.70415 0.061893 -0.18054 1
-1.0433 -1.3107 -1.448 1
-0.77186 -1.0609 -1.1771 1
-0.63138 -1.0512 -1.1215 1
1.0527 1.2003 1.3981 1
-0.095308 -0.72062 -0.62447 1
-0.71843 -0.97441 -1.0443 1
-1.1641 -1.2025 -1.4286 1
0.87305 0.98145 1.1405 1
-0.35436 0.73719 0.51261 1
0.91774 0.32819 0.58297 1
-0.0737 -0.91666 -0.78998 1
1.2787 1.2706 1.4947 1
-0.31391 -1.1018 -1.0398 1
-0.52733 0.30883 0.11512 1
-0.99099 -1.279 -1.4565 1
0.36949 1.1141 1.0677 1
-0.68409 -0.25551 -0.42047 1
-0.32072 -1.0057 -0.93525 1
0.99779 1.4544 1.599 1
1.0162 1.2539 1.421 1
0.38994 -0.61577 -0.38442 1
0.91335 0.60259 0.82377 1
-0.06624 -0.88371 -0.73375 1
-0.84222 -0.30547 -0.58795 1
0.43954 1.3323 1.2867 1
-0.40348 0.15508 -0.0091497 1
0.83551 1.14 1.217 1
0.78867 1.0872 1.228 1
-0.54541 -1.055 -1.0598 1
0.80807 0.42481 0.66088 1
0.42347 1.2943 1.291 1
-0.57704 -0.9956 -1.0295 1
0.28448 -0.62084 -0.39958 1
-0.80192 -0.1076 -0.34412 1
-0.89526 -1.1709 -1.3175 1
0.52152 0.87405 0.92615 1
0.71966 1.0221 1.1151 1
-0.20964 -1.1791 -1.0966 1
0.43662 0.98116 0.99578 1
0.87536 0.46741 0.71182 1
0.74236 0.33166 0.56181 1
0.051847 1.1435 1.0114 1
0.47653 1.3414 1.3005 1
0.60144 1.193 1.2552 1
-0.38991 0.13717 -0.042119 1
-0.49762 -1.1762 -1.1895 1
-0.72575 -0.39638 -0.57115 1
-0.31666 0.41788 0.25035 1
0.97906 0.88001 1.068 1
-0.80885 -0.1127 -0.3998 1
-0.71252 0.067261 -0.19029 1
-0.90129 -0.98786 -1.1517 1
-0.27858 -1.0373 -0.96714 1
0.7232 -0.010653 0.19932 1
-0.6142 -0.98127 -1.0456 1
0.46648 1.403 1.3134 1
-0.5144 -1.0905 -1.1092 1
-0.96645 -0.078921 -0.41779 1
-0.21018 -1.0359 -0.93738 1
-0.49035 0.38005 0.17396 1
-0.89622 -1.2225 -1.3262 1
0.72576 0.89452 0.94458 1
1.0677 1.3121 1.4746 1
0.78225 1.1516 1.229 1
0.9162 1.1915 1.2803 1
-0.4379 0.38597 0.21201 1
-0.71424 -0.20286 -0.45736 1
0.68889 0.15748 0.3703 1
0.56951 -0.15431 0.076571 1
0.35911 1.0505 1.0154 1
-0.45079 0.41447 0.21455 1
-0.58735 -1.0937 -1.0763 1
-0.38756 0.45176 0.23883 1
-0.85992 -1.2497 -1.3837 1
0.19201 -0.73962 -0.56 1
0.53989 1.0688 1.0939 1
-0.74799 -0.034678 -0.25686 1
-0.86649 -0.56874 -0.78072 1
-0.86566 -0.27676 -0.54993 1
0.59659 0.24641 0.45194 1
-0.93343 -1.0183 -1.2099 1
0.7395 1.081 1.1951 1
-0.49279 -1.2227 -1.2185 1
-1.0664 -1.0665 -1.2506 1
0.60499 0.92466 0.97676 1
-0.9385 -1.0943 -1.2598 1
-0.88003 -0.19708 -0.45512 1
-0.072026 -0.69106 -0.63724 1
0.378 1.0221 1.0282 1
0.0052009 -0.92878 -0.76696 1
-0.71085 -0.99101 -1.0405 1
0.25428 0.99248 0.92653 1
0.60921 -0.080737 0.14987 1
-1.0217 -1.3192 -1.4287 1
0.43402 -0.059963 0.14626 1
0.86703 0.40509 0.61615 1
0.88925 1.0053 1.1729 1
-0.84552 -0.068573 -0.3471 1
0.60317 -0.2345 -0.012386 1
0.1426 -0.7203 -0.57519 1
-0.65876 -0.93253 -1.0081 1
0.76416 0.46435 0.64665 1
0.48541 -0.32132 -0.089538 1
-0.38856 -1.1128 -1.058 1
-0.57865 -0.90343 -0.95425 1
-0.73495 -1.1847 -1.2741 1
-0.2794 -1.2314 -1.1547 1
0.66684 -0.037619 0.16235 1
-0.084193 -1.1258 -0.96153 1
0.82009 0.64981 0.86334 1
0.69798 0.35041 0.51589 1
-0.5657 -1.3659 -1.3307 1
0.29432 -0.55803 -0.37884 1
-0.64089 0.20268 -0.038971 1
0.89626 0.52274 0.76754 1
-0.88373 -0.86443 -1.0273 1
-0.43162 0.11857 -0.071631 1
0.96314 1.388 1.5051 1
-0.12762 0.79547 0.64703 1
0.93662 1.382 1.5476 1
-0.73634 -0.25298 -0.4755 1
-0.58147 -0.98261 -1.046 1
0.38662 1.2202 1.1842 1
-0.78236 -0.13143 -0.38094 1
0.81085 1.0819 1.1747 1
0.79481 0.74735 0.91332 1
0.93954 1.3032 1.4235 1
1.1431 0.77103 1.0434 1
-0.97576 -0.84965 -1.0139 1
0.69548 -0.029437 0.22401 1
-0.36737 0.37222 0.14806 1
-0.63245 0.24619 -0.0027027 1
-0.77397 -0.24005 -0.45941 1
-0.41463 -1.1481 -1.1038 1
-0.79344 -0.75619 -0.87751 1
-0.96419 -1.0087 -1.1489 1
1.054 0.95398 1.1835 1
0.77494 0.62236 0.76369 1
0.59184 0.52515 0.65348 1
1.0413 1.4551 1.5971 1
0.1546 1.0616 0.95363 1
-0.48916 -0.12676 -0.2343 1
1.0498 0.90607 1.132 1
-0.49622 -1.3174 -1.3303 1
-0.8908 -1.319 -1.4873 1
-0.74517 -1.3445 -1.3997 1
-0.82888 -1.2528 -1.3397 1
-0.12106 0.55446 0.40761 1
-0.61075 0.12318 -0.075515 1
-0.86301 -0.3508 -0.55793 1
-0.48973 -1.1174 -1.0908 1
0.068236 -0.73021 -0.60473 1
0.58966 -0.30252 -0.047966 1
0.96984 1.2941 1.4232 1
-0.37979 0.35409 0.20117 1
1.0928 1.2943 1.4896 1
0.12839 0.92995 0.85874 1
-0.74332 -0.073717 -0.35426 1
-0.50669 -1.0994 -1.1409 1
0.57946 -0.10032 0.11166 1
-0.86871 -0.50999 -0.75822 1
0.53814 -0.33533 -0.084359 1
0.72321 0.11526 0.34432 1
-0.61796 -1.6037 -1.6017 1
1.1941 0.99131 1.2477 1
0.92858 0.62591 0.84219 1
-0.81454 -1.3087 -1.4086 1
1.0856 1.2647 1.4782 1
-0.77356 -0.18906 -0.42089 1
-0.033408 0.77745 0.64943 1
-0.21882 -0.66575 -0.60686 1
-0.14929 0.79342 0.58318 1
1.1045 1.4537 1.6364 1
0.10312 -0.97959 -0.83536 1
0.86308 0.80257 0.99735 1
-0.2625 0.40867 0.26006 1
0.64778 1.2667 1.2922 1
0.13276 -0.67333 -0.53503 1
0.87796 1.2867 1.3924 1
-0.44853 -0.90657 -0.95423 1
-0.71624 0.10029 -0.20377 1
-0.73676 -1.2142 -1.2513 1
-0.10954 -0.68024 -0.61769 1
1.0549 1.526 1.6687 1
-1.1408 -1.0623 -1.2957 1
-0.19027 -1.0098 -0.91841 1
0.96383 1.3656 1.5065 1
0.62245 0.097913 0.29899 1
-0.68348 -1.0552 -1.1265 1
-0.40142 0.34743 0.099136 1
-0.72742 0.10863 -0.18011 1
0.27083 1.0468 0.9912 1
0.17584 1.0219 0.94763 1
-1.1313 -1.4649 -1.6288 1
0.93921 0.95379 1.1104 1
1.0326 1.0889 1.238 1
-0.46861 0.18246 0.0062148 1
-0.94124 -0.40701 -0.67451 1
-0.82342 -0.39844 -0.63479 1
-0.2219 -0.95161 -0.85774 1
-0.025752 -0.6923 -0.60509 1
-0.47812 -1.235 -1.2357 1
0.26744 -0.39974 -0.23684 1
0.79787 1.1441 1.2147 1
0.086456 -0.74914 -0.58077 1
-0.44666 -1.0551 -1.0374 1
0.93149 1.2082 1.3476 1
0.15462 -0.54187 -0.36324 1
-0.96798 -0.20545 -0.4725 1
-0.41515 0.57873 0.32628 1
0.77544 0.84468 0.96084 1
-0.357 -1.0109 -0.93473 1
0.98625 0.43275 0.65938 1
-1.1158 -0.82342 -1.1235 1
0.87913 0.66953 0.88206 1
-0.83565 -1.4087 -1.5036 1
0.69007 0.93909 1.0261 1
1.0724 1.2166 1.372 1
0.1416 -0.70012 -0.55164 1
-0.94132 -1.5158 -1.6132 1
0.42538 -0.35416 -0.14074 1
0.74177 0.095085 0.33434 1
-0.51974 0.23667 0.056699 1
-0.51957 -0.1485 -0.27612 1
-0.22679 -0.92852 -0.86104 1
-0.70782 -1.106 -1.1855 1
-1.0379 -0.32082 -0.65375 1
-1.0583 -1.3966 -1.5731 1
1.1587 0.78081 1.0871 1
1.0178 1.2149 1.3877 1
0.34748 1.2209 1.1713 1
-0.34146 -1.3664 -1.2464 1
-0.21043 0.62286 0.44275 1
1.0509 1.1058 1.2915 1
0.95163 1.5263 1.614 1
0.99526 0.95611 1.1918 1
-0.67052 -0.88449 -0.96752 1
-0.9516 -0.17741 -0.44311 1
0.59691 1.0232 1.0553 1
-1.0034 -1.2363 -1.4014 1
-0.73108 -0.28905 -0.49341 1
0.26718 -0.39886 -0.20884 1
-0.93885 -0.31796 -0.61535 1
-0.80324 -1.1878 -1.2794 1
-0.34617 -1.2513 -1.195 1
-0.23295 -1.098 -1.0245 1
0.2893 0.80211 0.7678 1
0.27934 1.055 0.98876 1
0.053392 0.85265 0.77256 1
-0.78306 -1.3717 -1.4312 1
-0.94511 -0.76412 -0.99138 1
-0.12201 0.74146 0.57485 1
-0.26667 -1.2124 -1.1364 1
1.1177 1.2934 1.4764 1
-0.59295 -1.2023 -1.2332 1
-0.77954 -1.4656 -1.5308 1
1.1406 0.80876 1.0691 1
-0.63348 -0.89688 -0.96406 1
0.3875 1.0215 0.94067 1
-0.47359 -0.96447 -0.96421 1
0.58607 -0.22392 0.0081504 1
0.13594 -0.49199 -0.34407 1
0.23596 1.1244 1.0223 1
-0.80541 -0.13239 -0.41015 1
-1.0784 -1.1847 -1.379 1
0.7093 0.18236 0.40465 1
0.62496 -0.072378 0.17875 1
0.73092 0.2295 0.43526 1
-0.64291 -1.2787 -1.3377 1
0.37891 -0.50706 -0.31389 1
-0.11509 -0.76481 -0.65833 1
-0.85226 -0.27118 -0.50216 1
0.88636 1.3521 1.4746 1
-0.49249 0.17548 -0.037829 1
0.61357 -0.00018936 0.21861 1
1.0344 0.96133 1.1985 1
0.76297 1.1316 1.2081 1
-0.35374 0.36877 0.20936 1
-0.82822 -0.96136 -1.0668 1
0.55332 -0.5927 -0.3281 1
-0.50676 -1.1445 -1.1351 1
-1.0202 -1.0085 -1.1849 1
-0.46025 -1.2473 -1.1865 1
-0.34517 0.65143 0.46354 1
0.81343 0.11427 0.34752 1
0.69517 1.0535 1.116 1
0.26674 1.0428 0.96805 1
-0.56084 -1.1255 -1.1504 1
0.067366 -1.0827 -0.93756 1
0.32416 -0.37872 -0.19256 1
0.25764 -0.45257 -0.26323 1
0.51328 1.2704 1.2706 1
-0.97951 -1.2175 -1.3896 1
-1.1218 -0.59207 -0.88029 1
-0.79644 -0.67838 -0.8459 1
0.60267 1.1755 1.1855 1
0.055664 -0.63698 -0.49995 1
-0.36528 -0.95401 -0.9365 1
-0.59385 0.24381 0.015448 1
0.68814 1.2217 1.2595 1
0.45967 -0.29325 -0.087581 1
-0.866 -0.38594 -0.64624 1
0.6119 -0.12916 0.083021 1
0.89431 0.23129 0.50821 1
-0.86074 -1.0341 -1.179 1
0.22864 0.95452 0.92021 1
0.15683 0.7584 0.67115 1
-0.89343 -1.1458 -1.2996 1
0.91436 0.40385 0.65351 1
-0.86359 -1.5558 -1.6143 1
0.49085 -0.38473 -0.19239 1
-0.10225 0.73945 0.5722 1
-1.1758 -0.76172 -1.071 1
-1.0136 -0.93255 -1.107 1
0.97749 0.98176 1.1542 1
1.0418 0.72955 0.99151 1
0.8644 1.4296 1.5064 1
-0.60156 0.21407 -0.046682 1
1.1337 0.67515 0.95741 1
0.68761 0.1891 0.40579 1
-0.673 -1.0423 -1.0222 1
0.42389 1.1227 1.0803 1
-0.9277 0.0071795 -0.2977 1
-0.8108 -0.30934 -0.55255 1
-0.36758 -1.0967 -1.0309 1
-0.73626 -1.421 -1.47 1
-0.83024 -0.73185 -0.91549 1
0.82425 0.94103 1.0824 1
-0.21647 -1.0329 -0.94058 1
0.18743 0.91519 0.84305 1
1.1838 1.651 1.7981 1
0.049557 -0.66915 -0.57097 1
-0.3583 -1.0911 -1.0355 1
-0.021829 -0.92803 -0.79382 1
0.26789 0.96552 0.87207 1
-0.038394 0.69096 0.5463 1
-0.75029 0.044287 -0.23595 1
0.7923 1.1507 1.1985 1
0.84636 0.35514 0.61745 1
0.61879 1.1692 1.1771 1
-0.94626 -1.0427 -1.1941 1
-0.56162 -1.1149 -1.1107 1
-0.22946 0.83337 0.63532 1
-0.32313 0.34024 0.20779 1
-0.38661 0.36495 0.15512 1
0.12644 0.92375 0.80307 1
-0.75196 -0.64997 -0.80463 1
0.18243 -0.71034 -0.52392 1
-0.012359 -1.0123 -0.85753 1
-0.14915 -0.94179 -0.8473 1
-1.2276 -1.4847 -1.6724 1
-0.68782 0.081564 -0.18074 1
-0.8024 -0.27984 -0.50148 1
-0.95518 -0.685 -0.9469 1
0.65892 0.94043 0.99494 1
0.26418 1.0126 0.99047 1
-0.68805 0.0036631 -0.23253 1
-0.23849 0.47059 0.34967 1
-0.021903 0.94076 0.78878 1
-0.99188 -0.60725 -0.89611 1
0.28312 0.82993 0.74973 1
-0.80435 -1.4341 -1.4999 1
-0.62243 -1.1328 -1.1701 1
-0.025075 0.82157 0.6587 1
0.5689 -0.14631 0.070509 1
-0.75842 -0.075561 -0.32571 1
0.85537 1.4731 1.5725 1
0.70448 -0.14505 0.12124 1
1.0407 1.1029 1.2863 1
-0.33454 0.43685 0.26393 1
-0.38593 -0.96294 -0.97537 1
-0.5207 -0.95307 -0.9922 1
0.66131 1.173 1.2184 1
-0.089576 -0.79783 -0.73041 1
0.31405 -0.66693 -0.48064 1
0.35734 -0.46349 -0.27142 1
-0.11429 -1.0244 -0.88762 1
0.55161 0.067197 0.25567 1
1.0287 1.2317 1.4048 1
0.205 0.87522 0.83842 1
0.93997 0.63543 0.85419 1
0.71843 0.24931 0.45717 1
0.29419 0.86901 0.85004 1
-1.0261 -1.2214 -1.391 1
-0.13845 0.68402 0.51471 1
0.68525 -0.12787 0.095396 1
0.60179 -0.13045 0.099775 1
0.99347 0.48533 0.73071 1
0.71488 0.2719 0.44162 1
0.77242 0.37546 0.61592 1
1.018 1.5204 1.6328 1
0.92968 0.55575 0.77256 1
0.57053 -0.1602 0.047201 1
-0.8538 -0.79226 -0.94675 1
-0.59795 -0.91032 -0.97413 1
-0.71087 -1.0737 -1.1848 1
-0.25257 -0.95692 -0.8856 1
0.79957 0.41238 0.62035 1
-1.0488 -1.1105 -1.2947 1
1.0195 1.0375 1.2271 1
-0.95531 -1.0532 -1.2099 1
-0.61524 -0.97134 -1.0093 1
-0.77164 -1.0066 -1.1267 1
0.62965 1.1434 1.2041 1
-0.8737 -0.19541 -0.46925 1
0.90746 0.39038 0.66181 1
0.87514 0.82274 0.98054 1
0.85079 1.0207 1.1402 1
0.23939 0.69805 0.68946 1
-0.2904 0.4954 0.34582 1
0.32723 -0.54791 -0.35801 1
-1.06 -0.83821 -1.0582 1
-0.62481 -1.2723 -1.2695 1
-0.006091 -0.80747 -0.66713 1
-1.1758 -1.3966 -1.5834 1
0.80735 0.81528 0.95755 1
-0.12128 0.80501 0.63761 1
-1.2025 -1.2685 -1.4789 1
0.82883 0.078318 0.33796 1
-0.23286 -1.1323 -1.0212 1
0.98825 0.79465 0.98944 1
-0.80749 -0.14577 -0.40309 1
-0.82203 -0.44255 -0.62403 1
-0.74799 -0.31754 -0.50946 1
-0.90324 -0.11681 -0.42066 1
0.6789 0.065784 0.29506 1
0.91089 0.45916 0.67376 1
-0.76786 -0.17233 -0.4096 1
0.82653 0.44925 0.68002 1
0.65507 0.38859 0.57054 1
0.43309 1.1676 1.1392 1
0.59365 -0.042487 0.20619 1
-0.34261 -0.95947 -0.93946 1
-0.51903 0.29858 0.045461 1
-0.8052 -1.5861 -1.6638 1
-0.69878 -0.08292 -0.30342 1
0.56145 1.2949 1.3004 1
0.66589 -0.15033 0.080933 1
0.90207 1.6727 1.7178 1
0.81473 1.0437 1.1706 1
0.65574 0.68042 0.81089 1
0.40075 1.0971 1.0562 1
-0.70341 -1.0147 -1.0737 1
0.24781 0.90837 0.83099 1
-0.23424 0.52704 0.37481 1
0.54373 1.3382 1.3108 1
0.70051 0.035416 0.26183 1
0.59126 -0.095936 0.12673 1
0.5391 1.2022 1.1959 1
-0.24497 -0.98191 -0.88848 1
-0.28408 0.38729 0.23994 1
-0.89766 -1.4545 -1.5588 1
-0.55309 0.11171 -0.078894 1
0.85086 0.36223 0.55989 1
-0.5671 0.25817 0.023026 1
0.98653 1.3065 1.4328 1
0.3392 0.96004 0.93237 1
-0.90505 -0.81201 -0.99503 1
-0.85774 -0.66635 -0.82946 1
0.98752 0.63237 0.89403 1
0.6977 -0.15823 0.098774 1
-0.67273 -0.11833 -0.31923 1
-0.28917 0.54566 0.35247 1
-0.69396 -1.0178 -1.0964 1
-0.66756 -1.0529 -1.1354 1
-0.88648 -1.413 -1.5227 1
0.51874 -0.27522 -0.088426 1
0.9083 1.0923 1.242 1
0.86887 0.43886 0.67406 1
0.70115 1.5609 1.5855 1
-0.0095857 -0.84261 -0.71911 1
-0.79614 -1.0122 -1.1363 1
0.074025 -0.53227 -0.41947 1
-0.26908 0.53359 0.36507 1
0.18052 -0.37787 -0.25712 1
-0.83254 -0.75236 -0.90522 1
-0.71111 -1.2117 -1.2534 1
-0.54161 0.34942 0.11077 1
1.2502 0.99179 1.2727 1
-0.60111 0.080046 -0.17408 1
0.85673 1.0416 1.1482 1
0.61137 -0.10304 0.12067 1
0.61368 1.0078 1.1201 1
0.98746 0.69261 0.89361 1
0.90514 1.0254 1.1716 1
0.95409 1.0809 1.2072 1
-1.0914 -1.2479 -1.4136 1
-0.76067 -1.3028 -1.3954 1
-0.20919 -0.80373 -0.74864 1
1.2614 1.5094 1.7332 1
-0.16215 -1.1133 -0.96367 1
1.1175 0.63329 0.89087 1
1.1104 0.74973 0.98624 1
0.97884 1.2602 1.3826 1
-0.86541 -0.56415 -0.77274 1
0.95181 1.0734 1.1912 1
-0.93266 -0.65553 -0.85129 1
-0.99361 -0.94632 -1.1877 1
0.57447 0.10589 0.27252 1
1.1455 0.54974 0.83237 1
0.33368 -0.39978 -0.2113 1
0.43464 0.013713 0.17224 1
1.1377 1.106 1.3035 1
-0.61978 -0.80604 -0.91025 1
-0.2463 0.64044 0.42388 1
0.23036 1.2057 1.102 1
-0.78956 -0.12258 -0.38699 1
-0.52646 0.33245 0.10022 1
0.26288 1.0278 0.9422 1
-0.31937 -1.1572 -1.069 1
0.33913 -0.55464 -0.37181 1
-0.28403 -0.84269 -0.82552 1
-1.0894 -0.33773 -0.67622 1
0.081283 -0.80314 -0.63799 1
-0.99257 -0.86685 -1.0443 1
0.45582 -0.41669 -0.16025 1
0.72578 0.51627 0.69023 1
-0.64038 -1.0338 -1.0983 1
1.0505 0.39454 0.69311 1
0.47127 -0.26902 -0.036846 1
-1.0481 -1.4108 -1.5725 1
0.43678 1.0233 1.0147 1
-0.40356 -1.2053 -1.1763 1
0.75369 0.10761 0.32186 1
0.92375 1.0144 1.1797 1
-0.72012 -0.12648 -0.32276 1
-0.91631 -0.28808 -0.55221 1
0.54869 1.1371 1.1481 1
-0.59094 -0.018618 -0.23332 1
-0.98738 -0.93875 -1.1371 1
-0.35062 -0.81432 -0.76686 1
-0.42443 0.38897 0.17275 1
-0.8595 -1.2597 -1.3551 1
-0.98313 -1.4048 -1.5562 1
-0.57018 -1.0068 -1.0358 1
-0.90522 -1.0054 -1.1408 1
0.93916 1.0583 1.2206 1
0.071769 -0.53271 -0.4114 1
1.2172 1.0337 1.3304 1
-1.0389 -0.39655 -0.70904 1
-0.11829 -0.92414 -0.85029 1
-0.78828 -1.1607 -1.2598 1
1.3326 1.4082 1.66 1
0.27001 -0.5126 -0.30988 1
-0.43283 0.40972 0.20642 1
-0.81889 -1.0338 -1.1507 1
0.18234 -0.74327 -0.604 1
0.67258 1.3182 1.3276 1
-0.9412 -0.81463 -1.0226 1
0.28894 -0.72758 -0.53074 1
0.78307 1.5631 1.6306 1
0.77449 -0.028758 0.25612 1
-0.6648 -0.74341 -0.83575 1
0.6362 -0.071952 0.15161 1
0.78393 0.73039 0.87248 1
-0.34618 0.34847 0.20303 1
0.58709 -0.081198 0.11391 1
-0.12242 -0.99089 -0.86441 1
0.70124 0.93121 1.0308 1
-1.1115 -1.0767 -1.3161 1
0.56322 -0.16788 0.049916 1
-0.5419 -0.73353 -0.78462 1
-0.83584 -1.4445 -1.481 1
0.023117 0.76407 0.67782 1
-0.013034 -0.81744 -0.7152 1
-0.25503 -1.1175 -1.0591 1
-1.1026 -0.71138 -0.95386 1
-0.73054 -1.1254 -1.2354 1
0.85826 1.2715 1.3747 1
0.62141 1.0114 1.0514 1
-0.46059 -1.25 -1.2339 1
-0.35507 -1.0513 -1.0064 1
0.015221 -0.72727 -0.59981 1
-0.15756 -0.9616 -0.86262 1
-0.83548 -1.252 -1.371 1
0.24716 0.90849 0.82789 1
-1.0624 -0.81993 -1.0598 1
0.67471 0.93688 1.0106 1
-0.83373 -0.73156 -0.92041 1
-0.9105 -1.4882 -1.5942 1
0.76011 0.18607 0.3761 1
0.8742 0.49512 0.73578 1
-0.73766 -0.14801 -0.37234 1
-0.17876 -0.85633 -0.76845 1
0.84091 0.19144 0.4289 1
-0.023812 0.66396 0.52245 1
-0.72098 -1.4136 -1.4398 1
-1.0549 -0.61486 -0.85849 1
1.0002 1.1524 1.2871 1
0.0088435 0.76255 0.63261 1
0.75274 0.14516 0.38385 1
0.87279 1.3696 1.4911 1
0.82256 1.4137 1.4821 1
0.87794 0.59928 0.79573 1
0.61993 1.3732 1.3826 1
-0.31926 -1.1687 -1.0708 1
-0.5956 -1.1293 -1.1141 1
-1.0207 -1.0548 -1.27 1
1.0359 1.1121 1.2775 1
-0.88937 -1.0934 -1.2098 1
-0.63561 -0.87021 -0.92728 1
0.38344 1.2097 1.1473 1
0.20771 -0.43168 -0.28067 1
0.91018 1.0263 1.2124 1
-1.0839 -1.2916 -1.4508 1
0.8758 1.0084 1.1924 1
0.32623 1.0751 1.0316 1
-0.57473 0.35777 0.11857 1
0.46168 -0.26914 -0.034879 1
-0.52267 -1.2034 -1.2069 1
0.8224 0.1925 0.41727 1
-0.71733 -0.81968 -0.9528 1
0.97938 1.1021 1.2799 1
-0.12763 -0.75795 -0.68472 1
0.30481 1.4186 1.4534 2
0.54711 2.0444 2.077 2
0.14603 0.8761 0.63781 2
0.20552 1.4683 1.4328 2
0.58519 2.0254 2.0673 2
-0.10029 -0.11382 -0.24644 2
0.017985 0.33065 0.2 2
0.0056155 0.38452 0.1713 2
0.10168 0.13286 0.18657 2
-0.20494 -0.18465 -0.36486 2
0.56427 2.1688 2.0612 2
-0.049267 0.35194 0.15546 2
0.12982 0.50689 0.53453 2
0.54934 2.0945 2.0988 2
0.21179 0.24063 0.19633 2
-0.06004 1.0034 0.71241 2
0.34478 1.8905 1.7554 2
-0.034814 0.21813 0.22121 2
0.096719 0.46828 0.29175 2
0.10036 1.8135 1.6287 2
0.46192 2.0295 1.9984 2
0.12805 1.0818 0.86787 2
0.085087 0.60679 0.64976 2
0.63833 1.8388 1.8989 2
0.51462 2.0949 2.0467 2
0.43642 2.154 2.0472 2
0.22974 0.70502 0.53679 2
0.36225 1.4179 1.2253 2
-0.020006 -0.11619 -0.22419 2
0.23463 1.006 0.79075 2
0.20799 1.0957 0.86812 2
0.16368 0.95721 0.99309 2
-0.3543 -0.065539 -0.2509 2
0.19069 1.3031 1.3243 2
-0.0028592 0.080116 -0.0595 2
0.55603 1.752 1.8285 2
0.3947 1.2726 1.3434 2
0.13763 0.34958 0.41378 2
0.094713 -0.16659 -0.25289 2
0.034849 1.0277 0.78742 2
-0.074595 0.92405 0.61532 2
0.30251 1.6345 1.6289 2
0.29042 1.9799 1.8165 2
0.43687 2.1962 2.0254 2
-0.3719 -0.43526 -0.59669 2
0.12831 1.3515 1.0792 2
0.33593 1.6707 1.6797 2
0.41855 1.8698 1.6637 2
0.25069 0.07796 0.029717 2
0.13124 1.5631 1.4111 2
0.28026 1.9648 1.7498 2
0.24733 0.90435 0.96958 2
0.11942 0.054363 -0.039575 2
0.33508 1.2326 1.2905 2
0.28103 0.6363 0.74265 2
0.14879 1.0728 0.8156 2
-0.076769 -0.17794 -0.20222 2
0.19093 1.5935 1.348 2
0.36444 2.0402 1.9049 2
-0.071749 0.67222 0.40204 2
0.29226 1.9477 1.8776 2
0.020721 0.28061 0.16216 2
-0.02376 1.0096 0.71813 2
0.41279 0.91051 1.0189 2
0.25593 0.83053 0.92162 2
0.35766 2.0242 1.9201 2
0.33014 1.8494 1.7949 2
0.10978 0.87286 0.89253 2
-0.26613 -0.089867 -0.14324 2
-0.066386 0.010076 -0.044068 2
-0.07445 0.36963 0.15565 2
0.11065 0.15741 0.037037 2
-0.19702 -0.01383 -0.056029 2
-0.047508 -0.033097 -0.16799 2
0.028629 0.27914 0.33918 2
0.15859 1.0432 0.82154 2
0.16198 1.2245 1.006 2
0.13044 0.94201 0.6719 2
0.32946 1.9302 1.8564 2
0.32004 1.6675 1.4979 2
0.52518 1.7773 1.8386 2
0.24416 1.8444 1.5942 2
0.51378 2.1477 2.0821 2
0.010359 1.1541 0.90754 2
-0.052728 0.28231 0.24444 2
0.083174 1.6013 1.3795 2
-0.064303 0.59828 0.38359 2
0.18 1.4718 1.1857 2
-0.0039891 0.20371 0.10085 2
-0.21562 0.88338 0.55831 2
0.32644 0.39024 0.52546 2
0.24825 1.5786 1.3606 2
0.25105 1.4571 1.4643 2
0.29517 1.5494 1.5416 2
0.17056 0.22502 0.35444 2
-0.11431 -0.31803 -0.35219 2
0.15357 0.91175 0.96784 2
-0.041819 0.063672 0.028592 2
0.054679 0.9334 0.68322 2
0.30855 0.38729 0.49792 2
-0.035826 0.63314 0.38043 2
-0.090729 0.36654 0.13743 2
0.11271 0.41087 0.21319 2
-0.29314 -0.18927 -0.34597 2
-0.13333 0.31588 0.040599 2
0.102 0.55957 0.44158 2
0.4623 2.0738 1.9592 2
0.074715 0.072469 0.05847 2
-0.26871 -0.46315 -0.60581 2
0.013786 0.92799 0.67785 2
0.15735 0.36438 0.46502 2
-0.013582 0.1734 0.18262 2
0.069617 0.55594 0.35303 2
0.018507 0.17786 0.21817 2
0.2938 1.4311 1.4069 2
0.37757 1.2575 1.3307 2
0.17644 0.47355 0.50667 2
0.3711 1.0612 1.186 2
0.36827 1.8429 1.8272 2
0.39383 2.1258 1.9869 2
0.029305 0.1564 0.069445 2
-0.033851 0.059361 -0.078935 2
0.094996 1.6584 1.4554 2
0.21829 1.777 1.701 2
0.081486 1.5533 1.2476 2
0.094891 1.3183 1.2959 2
0.42386 1.8446 1.6714 2
-0.0092384 0.33741 0.16002 2
0.47554 1.9762 1.9342 2
0.60845 2.1772 2.1561 2
0.26867 1.9848 1.7621 2
0.41142 0.89745 1.002 2
-0.23979 -0.060912 -0.28815 2
0.30849 2.0217 1.7869 2
0.19575 1.4379 1.4158 2
-0.27586 0.047533 -0.1977 2
-0.1551 0.26094 0.036441 2
0.27304 1.7717 1.6789 2
0.08955 0.33629 0.37532 2
0.48953 1.8085 1.6572 2
0.19138 0.93991 0.97661 2
0.21649 1.5128 1.3128 2
0.071126 1.8227 1.6493 2
-0.24949 -0.17928 -0.31075 2
-0.13174 -0.14175 -0.12165 2
-0.12051 0.016303 0.071271 2
0.19916 0.55832 0.61998 2
-0.059289 0.30579 0.33274 2
-0.020158 0.20421 0.052779 2
-0.065646 0.7488 0.48002 2
0.26445 0.73315 0.59327 2
0.36115 1.7675 1.6473 2
0.20739 1.7705 1.6507 2
0.33639 2.1435 1.9476 2
0.2857 1.812 1.6849 2
0.15764 0.26177 0.29974 2
-0.10803 -0.016111 -0.14882 2
0.12471 1.5723 1.3716 2
0.079735 0.28853 0.19127 2
0.097297 0.51748 0.52656 2
0.53587 1.9412 1.918 2
0.10367 0.062299 -0.020093 2
0.52305 2.0995 1.9113 2
0.45736 1.4409 1.5123 2
-0.1468 0.12271 -0.047198 2
-0.097444 0.47552 0.48252 2
-0.073804 0.18987 0.18439 2
-0.12259 -0.24705 -0.23063 2
0.020937 1.3372 1.036 2
-0.025973 0.095465 0.012179 2
0.20929 0.94735 0.98878 2
0.42285 1.924 1.794 2
0.42712 2.1514 1.9214 2
-0.11155 0.80505 0.50622 2
0.088689 0.19051 0.062192 2
0.069423 1.0047 0.73723 2
0.62224 1.5836 1.7015 2
-0.074935 0.30149 0.11448 2
0.48323 2.0097 1.9764 2
0.56347 2.3014 2.1925 2
-0.1736 0.032059 -0.16809 2
-0.21252 0.059873 0.030014 2
0.47808 2.0414 2.0045 2
-0.15779 0.45678 0.18656 2
0.30807 1.8077 1.7189 2
0.39384 2.364 2.1809 2
0.24664 1.8745 1.7019 2
0.079483 1.6816 1.4486 2
0.57937 2.141 2.0836 2
-0.26235 -0.16367 -0.33256 2
0.0058183 0.96026 0.65745 2
0.20526 1.3174 1.0893 2
0.052368 -0.13344 -0.094623 2
0.083328 0.27025 0.085536 2
-0.00025176 0.78624 0.53936 2
-0.1597 -0.18455 -0.24362 2
0.068571 1.8277 1.6004 2
0.23261 1.6191 1.5358 2
0.35443 1.1688 1.2592 2
-0.010546 -0.19245 -0.21068 2
0.54692 2.1377 2.0377 2
0.4173 1.5507 1.6065 2
0.44969 2.2209 2.0471 2
0.60249 1.7247 1.8068 2
0.21934 1.2443 1.2709 2
0.021381 0.28481 0.30419 2
0.29937 0.78884 0.88928 2
0.35131 1.4962 1.2799 2
0.03956 0.42408 0.45683 2
0.32715 1.1665 1.2505 2
0.062124 0.49674 0.55651 2
0.017856 0.30617 0.36509 2
0.2594 0.38687 0.46778 2
-0.055824 -0.10595 -0.21096 2
0.0022615 1.0039 0.70604 2
0.21357 1.1455 0.96225 2
0.18624 0.39573 0.43607 2
-0.039788 -0.056125 -0.028818 2
-0.1181 0.70657 0.43098 2
-0.1101 0.040024 -0.017451 2
0.25013 2.0302 1.8708 2
-0.18841 0.17628 0.17124 2
0.10076 1.244 0.98406 2
0.4404 1.8841 1.8803 2
0.19946 0.76982 0.85108 2
-0.075422 0.64336 0.36167 2
-0.11666 0.74712 0.46647 2
0.24699 1.9517 1.7848 2
0.50993 2.1534 2.0179 2
0.4295 1.9341 1.873 2
0.57688 2.1242 2.1116 2
0.43394 2.1446 2.0289 2
-0.059069 0.18983 0.22371 2
-0.079466 0.59256 0.27762 2
0.4777 2.1517 2.0889 2
0.034628 0.031904 -0.087686 2
0.28457 0.99943 1.0803 2
0.14173 0.78949 0.8214 2
0.21472 0.31398 0.31856 2
-0.095868 0.048854 0.072617 2
0.40484 1.9103 1.8977 2
0.093208 0.86138 0.6374 2
-0.43913 0.057105 -0.24573 2
0.72168 1.9736 1.8961 2
-0.16103 0.41354 0.15586 2
0.2027 0.21528 0.22336 2
0.11056 0.064072 -0.07395 2
0.38682 1.7644 1.5888 2
0.43606 1.8395 1.8097 2
0.0916 0.072247 0.1201 2
-0.2682 0.87591 0.52516 2
-0.0028293 -0.12991 -0.19716 2
-0.19049 -0.133 -0.25559 2
0.17202 0.88168 0.63706 2
0.081387 0.75344 0.72926 2
-0.13102 0.12948 -0.05636 2
0.30145 1.7859 1.7165 2
0.38884 1.9065 1.6863 2
0.19152 1.0803 1.1362 2
-0.13207 -0.29285 -0.40773 2
0.14684 0.47373 0.33292 2
0.21905 1.8522 1.7758 2
0.13553 1.6381 1.324 2
0.015055 0.12318 0.088681 2
0.29009 1.0397 1.0863 2
-0.14732 0.39897 0.15396 2
0.35365 1.97 1.8063 2
0.31565 1.1237 1.1895 2
0.18269 1.8747 1.6527 2
0.14507 0.16758 0.24444 2
0.2334 1.2491 1.0452 2
0.2218 0.52768 0.63319 2
0.32024 1.3872 1.3988 2
-0.26428 0.97931 0.63721 2
0.17353 0.3837 0.30312 2
0.0050406 -0.050833 -0.18176 2
0.15881 0.44338 0.49323 2
0.29016 0.90357 0.94447 2
0.017604 0.98166 0.69731 2
0.14022 0.11367 0.069253 2
0.28054 1.7675 1.72 2
-0.1601 -0.035947 -0.18706 2
0.15801 1.8594 1.652 2
0.050229 0.14706 0.042934 2
0.34087 1.7032 1.6859 2
0.27561 1.166 0.95362 2
0.44137 1.0644 1.2181 2
-0.074153 0.046213 -0.10182 2
0.12089 0.61904 0.67307 2
0.51641 2.0712 2.0673 2
-0.04324 -0.031267 -0.18062 2
0.16079 1.1874 0.95384 2
0.13654 0.94538 0.96936 2
-0.042156 0.15688 0.037813 2
0.18392 0.10912 0.091696 2
0.32271 1.9965 1.9185 2
0.3522 1.7815 1.7593 2
0.1271 0.54744 0.57912 2
0.51097 1.9653 1.9159 2
0.49772 2.2665 2.2103 2
0.054127 0.084274 0.098655 2
0.27268 1.4816 1.2783 2
0.30811 1.1554 1.1986 2
-0.17556 -0.22826 -0.35886 2
-0.23717 -0.37708 -0.38803 2
0.2882 1.5008 1.5031 2
0.16042 0.39402 0.4618 2
0.15119 1.5046 1.4503 2
0.33451 1.8063 1.6691 2
0.33129 2.0077 1.8279 2
0.33286 1.6918 1.4941 2
0.35665 1.9945 1.8573 2
0.13442 0.10764 0.004722 2
-0.037661 -0.13698 -0.12971 2
0.12438 1.0014 1.0004 2
0.025809 0.67391 0.68522 2
0.034755 0.11408 0.17672 2
0.21101 1.3208 1.0969 2
0.51251 1.6764 1.739 2
-0.016615 0.15466 0.22756 2
0.41117 1.0042 1.1148 2
0.52718 2.052 1.9861 2
0.027355 0.3697 0.40916 2
0.074456 0.18743 0.074809 2
0.38003 1.5579 1.6163 2
0.19962 1.1084 0.88671 2
0.07243 0.27398 0.10065 2
0.30594 1.938 1.8367 2
-0.060528 0.60036 0.33853 2
0.35025 1.8185 1.7393 2
0.18498 0.52489 0.6063 2
0.010364 0.10693 0.15052 2
0.27256 1.7473 1.6807 2
-0.098748 1.03 0.7164 2
0.12921 0.36439 0.39818 2
0.21253 1.1438 1.2093 2
0.37863 1.6445 1.4493 2
-0.03818 0.28682 0.08104 2
0.061663 1.154 0.85548 2
0.18259 0.41492 0.28894 2
-0.16684 1.1753 0.86618 2
0.17506 1.7167 1.6232 2
0.41041 2.0377 1.886 2
0.33389 1.6726 1.4785 2
0.34222 1.6828 1.6169 2
-0.12347 -0.12401 -0.25669 2
0.30365 0.77786 0.86966 2
0.46207 1.6218 1.6875 2
0.088254 0.69251 0.75752 2
0.61668 2.1934 2.1698 2
0.47555 1.9519 1.9756 2
0.24127 1.0984 1.1585 2
-0.0041068 -0.05973 -0.18852 2
0.36396 1.7395 1.5233 2
0.055475 0.40513 0.21011 2
0.227 0.67535 0.74333 2
0.24129 1.8787 1.6341 2
0.37952 1.8006 1.7915 2
-0.039363 1.0015 0.7471 2
-0.13393 -0.12689 -0.26801 2
-0.12886 -0.0080716 -0.1237 2
0.33062 1.4649 1.2449 2
0.045682 -0.077289 -0.089755 2
0.018436 0.81223 0.55201 2
-0.11957 1.0671 0.73452 2
0.24634 0.42921 0.51965 2
0.27308 1.9866 1.8499 2
-0.24746 -0.21487 -0.34461 2
0.37414 1.9273 1.7665 2
0.10643 0.62143 0.66881 2
0.1745 1.5375 1.2715 2
0.058079 0.65909 0.43131 2
0.18269 0.94124 0.75659 2
0.438 1.6669 1.7072 2
0.1135 0.89709 0.93172 2
0.30214 0.59236 0.59368 2
0.54502 1.9466 1.9402 2
-0.023053 -0.23635 -0.32981 2
-0.053072 0.017474 -0.013484 2
-0.04633 0.053933 0.023829 2
0.39045 1.7816 1.7752 2
0.05799 1.3518 1.0955 2
0.17471 0.39768 0.49789 2
0.37389 1.9447 1.8819 2
-0.059228 0.44617 0.21447 2
0.11996 1.693 1.5039 2
-0.12681 -0.45115 -0.49936 2
0.17959 0.53278 0.62232 2
0.12346 0.41944 0.47838 2
-0.19604 -0.041342 -0.10485 2
0.41233 1.1457 1.191 2
0.53924 1.9881 1.8637 2
-0.070043 0.11482 -0.036598 2
0.26479 1.1758 0.93111 2
0.32373 0.27018 0.25007 2
0.29997 1.2587 1.3229 2
-0.15028 -0.051998 -0.080075 2
-0.0044853 0.0071847 -0.028025 2
-0.03664 1.5314 1.2299 2
0.28948 0.52713 0.63191 2
-0.16039 -0.15079 -0.29181 2
0.084704 0.11154 0.15304 2
0.2528 0.82868 0.88601 2
0.1807 0.93751 0.9683 2
0.46404 2.2739 2.1795 2
-0.043793 0.31971 0.14813 2
0.36737 0.7655 0.85587 2
-0.14142 -0.19006 -0.3276 2
0.28958 1.27 1.0697 2
-0.13008 -0.096885 -0.2382 2
0.29696 1.3017 1.0672 2
0.059191 1.5023 1.1998 2
0.65106 2.1186 2.1798 2
-0.18689 0.1721 -0.078574 2
0.29994 0.26391 0.21954 2
-0.12871 0.067122 0.053375 2
-0.019048 0.74124 0.4656 2
0.48612 1.9559 1.7976 2
0.11981 1.327 1.0692 2
-0.041502 0.022082 0.027988 2
0.36675 1.6716 1.6762 2
0.27709 1.2988 1.0749 2
0.30276 0.20982 0.23413 2
0.064365 -0.29667 -0.29467 2
-0.15432 -0.32312 -0.39341 2
0.096945 0.13584 0.1188 2
0.27577 1.5703 1.3206 2
-0.040812 1.5491 1.2928 2
0.071152 0.058203 0.12803 2
-0.053965 -0.12196 -0.22314 2
0.19905 1.4405 1.4396 2
-0.025502 0.32287 0.12478 2
0.41813 1.5339 1.5652 2
-0.0097033 0.010391 -0.019816 2
0.089761 0.41165 0.48129 2
0.3843 1.9729 1.8552 2
0.28736 0.70197 0.82637 2
0.2467 2.1202 1.8659 2
-0.071671 -0.21928 -0.33844 2
-0.089436 0.31308 0.34173 2
0.27791 0.58606 0.42445 2
0.28428 1.4905 1.2552 2
0.25205 1.2305 1.2857 2
0.4945 1.7286 1.7303 2
0.16404 1.182 1.195 2
0.42082 1.6531 1.4433 2
0.33291 1.5326 1.3157 2
0.078153 0.48639 0.25284 2
0.30092 1.0235 0.82419 2
0.13223 0.38963 0.41451 2
0.25271 1.4105 1.1388 2
0.48586 1.8269 1.8689 2
0.47254 2.0306 1.9849 2
0.23133 0.69943 0.75169 2
-0.18517 -0.2104 -0.35483 2
0.41271 2.179 1.9783 2
0.28956 1.2149 1.2786 2
-0.1491 0.37284 0.10184 2
0.12002 0.1141 0.029168 2
-0.034269 -0.044021 -0.094082 2
0.30962 1.5873 1.5307 2
0.29897 2.0301 1.918 2
0.031346 1.1138 0.82857 2
0.40517 0.56224 0.73548 2
0.25492 1.1917 1.2564 2
0.22911 1.1858 1.2013 2
-0.16975 -0.079605 -0.20641 2
-0.06886 0.44236 0.20473 2
0.34404 1.7483 1.7066 2
0.20152 0.93301 0.96108 2
0.0037656 -0.10794 -0.13835 2
0.36605 1.8922 1.707 2
0.29107 1.9865 1.8528 2
0.22211 1.627 1.416 2
0.28018 1.8322 1.7649 2
0.011845 -0.0074197 -0.024887 2
0.15689 0.3234 0.39079 2
0.5731 1.9953 2.0204 2
0.19764 1.661 1.4207 2
0.04638 1.0236 0.75065 2
-0.018906 0.49029 0.27451 2
0.0081965 0.79242 0.53106 2
0.48696 2.0991 1.9573 2
0.49385 2.1487 2.0552 2
0.14247 1.7477 1.516 2
0.12077 0.088689 0.090379 2
0.10726 1.4599 1.2273 2
0.039055 0.44942 0.51895 2
0.5789 2.3837 2.2395 2
-0.16257 0.26797 0.036234 2
0.55519 1.8044 1.8271 2
-0.11621 0.10933 -0.048675 2
0.19631 1.472 1.2604 2
0.055045 1.3721 1.0844 2
0.29748 1.9996 1.8912 2
0.31971 1.9175 1.7473 2
0.38163 1.8005 1.7381 2
0.18768 1.3014 1.3168 2
-0.2447 -0.10614 -0.27915 2
0.1676 1.6063 1.3559 2
0.28748 0.87236 0.96191 2
0.13135 0.88497 0.62722 2
-0.0022669 0.40917 0.2066 2
0.13379 1.3706 1.3285 2
-0.032144 0.23212 0.25073 2
0.31285 1.4383 1.4719 2
0.68784 2.6029 2.4797 2
0.29574 0.5793 0.65038 2
0.4294 1.5291 1.5932 2
0.33163 1.8627 1.7916 2
0.23214 1.2951 1.0629 2
0.45621 2.1223 2.0063 2
0.14805 1.4487 1.1742 2
-0.050159 0.13627 -0.037075 2
0.45718 1.551 1.6123 2
0.50824 1.5548 1.6561 2
-0.13423 -0.20245 -0.23439 2
0.40703 2.2225 2.1172 2
-0.06065 0.19872 0.17572 2
0.056138 0.013935 -0.087222 2
0.36131 0.8022 0.91118 2
0.3475 2.0104 1.851 2
0.14367 0.88158 0.64377 2
0.092373 0.15945 0.22859 2
0.25274 0.5513 0.63277 2
0.087797 0.13117 0.0021361 2
-0.044406 -0.10572 -0.19627 2
0.49888 2.2541 2.2077 2
0.18833 1.1189 0.89174 2
-0.21257 -0.080293 -0.14558 2
0.30779 1.1258 1.1696 2
0.1882 1.7494 1.6687 2
0.15457 0.4491 0.53285 2
0.2776 0.79232 0.90296 2
0.47521 1.955 1.8079 2
0.030485 0.27162 0.11591 2
0.1273 1.0362 1.0408 2
-0.10999 -0.198 -0.24652 2
0.37426 1.0359 0.87044 2
0.24027 1.92 1.762 2
0.26275 1.656 1.4651 2
0.5192 1.8122 1.8163 2
0.37532 1.8965 1.8039 2
0.49834 1.8054 1.5875 2
0.24245 1.413 1.1848 2
0.4573 1.9416 1.8988 2
0.48918 1.9928 1.8236 2
-0.030845 -0.049764 0.0052415 2
0.13843 1.524 1.454 2
0.015077 0.64219 0.65574 2
0.30794 1.4305 1.451 2
0.24663 1.4356 1.1746 2
0.1993 0.9363 0.99563 2
-0.064217 -0.035029 -0.034575 2
0.025521 1.3521 1.0438 2
0.14474 0.16115 0.21218 2
-0.052136 0.11659 -0.043287 2
0.28645 1.8111 1.6263 2
0.092015 0.11491 -0.0074615 2
0.23844 1.6462 1.5427 2
0.52275 1.9744 1.9884 2
-0.2886 -0.16277 -0.30027 2
0.07362 1.6793 1.5196 2
-0.28992 0.19038 -0.067028 2
0.13264 1.1383 0.85334 2
-0.15395 0.30357 0.080767 2
-0.062453 0.45848 0.46133 2
-0.050217 -0.19101 -0.26763 2
0.43319 1.9517 1.9119 2
-0.058972 -0.0086205 -0.16938 2
0.022234 0.46493 0.43981 2
0.39945 2.056 1.8686 2
0.15714 1.8024 1.6809 2
-0.1273 0.055476 -0.16253 2
0.27955 0.57325 0.663 2
-0.014262 0.6453 0.6427 2
-0.058359 -0.076627 -0.13748 2
0.08511 1.2351 0.97185 2
0.33166 1.7421 1.5641 2
0.31689 1.5022 1.5284 2
0.33895 1.3325 1.1474 2
0.50716 1.3771 1.4586 2
0.35706 2.1366 1.9146 2
-0.16595 -0.059056 -0.093767 2
0.082374 1.1995 0.93321 2
0.077364 0.50874 0.52635 2
0.12609 0.21204 0.14053 2
0.11147 0.68483 0.46095 2
0.52633 2.0979 2.0787 2
0.3325 1.8349 1.6167 2
0.070955 0.19802 0.2113 2
0.53326 1.5205 1.6355 2
0.34203 1.878 1.8682 2
0.022249 0.10509 0.11954 2
0.38167 1.6669 1.4591 2
0.21896 0.47593 0.55 2
-0.24863 -0.042486 -0.27494 2
0.027722 0.7968 0.5532 2
-0.20017 0.1868 -0.019812 2
0.15273 0.81707 0.88542 2
-0.099852 0.16902 0.035873 2
-0.1468 0.072816 0.077954 2
-0.17696 -0.036871 -0.23447 2
0.20501 1.7594 1.687 2
0.46047 2.0612 1.9931 2
0.075209 0.23613 0.088987 2
0.027891 1.6713 1.3892 2
0.27872 1.8479 1.6038 2
0.48027 1.8136 1.8214 2
0.11985 2.1294 1.9231 2
0.27989 2.0018 1.8479 2
-0.051885 0.33901 0.13391 2
0.29453 0.89173 0.96743 2
0.28223 1.1893 0.95727 2
0.0048421 -0.093557 -0.15771 2
-0.19781 -0.15871 -0.14628 2
0.15207 2.0492 1.8261 2
-0.040045 0.22044 0.23661 2
0.38482 1.6042 1.6452 2
-0.37821 -0.19549 -0.41311 2
0.29453 1.8585 1.6644 2
-0.022337 0.14474 0.13852 2
0.24097 1.7489 1.6744 2
0.15883 1.0489 0.82976 2
-0.055052 1.3519 1.0011 2
-0.073653 0.11924 -0.010721 2
0.32334 1.1007 0.94566 2
0.17236 1.0886 1.1078 2
0.13755 0.73874 0.79223 2
0.17938 1.4132 1.1635 2
0.34849 1.123 1.2213 2
0.021062 -0.030036 -0.079364 2
0.32588 1.0132 1.1165 2
0.17228 0.30039 0.3004 2
0.25996 1.9217 1.8048 2
0.14585 0.92016 0.73481 2
0.24745 1.5944 1.3987 2
0.49337 1.9292 1.9167 2
0.37546 1.1346 1.1941 2
0.020735 0.26629 0.097119 2
0.22859 1.6461 1.493 2
-0.21558 -0.39978 -0.50723 2
0.15267 1.9852 1.8494 2
0.2991 1.3413 1.3575 2
0.17097 0.68489 0.77312 2
0.0059763 1.2219 0.94304 2
0.33171 2.092 1.9614 2
0.011157 1.1982 1.1367 2
0.25032 1.5416 1.5035 2
0.023842 0.17197 0.050482 2
0.0155 -0.12303 -0.21527 2
0.024416 0.18388 0.19051 2
-0.077367 0.050797 -0.070883 2
0.29684 1.7546 1.5154 2
0.034194 0.13054 0.064466 2
-0.13632 0.11991 -0.0034382 2
0.14108 0.03336 -0.02571 2
-0.046106 0.52689 0.27035 2
0.011893 0.2297 0.15029 2
0.36108 1.2633 1.0719 2
0.081007 0.79303 0.53993 2
-0.031679 -0.0078401 -0.10811 2
-0.17706 -0.07625 -0.22085 2
0.027043 0.65031 0.42022 2
0.30274 1.8598 1.6357 2
-0.19806 0.18236 0.14107 2
0.27672 0.37064 0.3244 2
0.42558 2.0909 1.9455 2
-0.095865 0.29078 0.082317 2
0.38471 1.8589 1.7733 2
-0.46199 0.5428 0.16885 2
0.4272 1.3978 1.4747 2
-0.14102 -0.20174 -0.34233 2
0.0041539 -0.068093 -0.14413 2
0.32412 0.70432 0.81598 2
0.45878 1.7824 1.8405 2
0.19432 1.0333 1.0591 2
0.15017 0.69585 0.49774 2
0.26438 1.8631 1.6556 2
-0.03858 0.3499 0.41083 2
0.1128 -0.023551 0.037428 2
0.52828 2.1768 2.1339 2
-0.078979 1.4377 1.159 2
0.58002 2.153 2.1352 2
-0.12413 0.15754 -0.034087 2
0.22087 1.8108 1.6782 2
-0.047872 0.59929 0.38924 2
0.39288 2.0512 1.9618 2
0.12837 1.7409 1.5781 2
0.32114 1.7869 1.7075 2
-0.13198 0.31549 0.085444 2
0.077126 0.75879 0.54403 2
-0.032469 0.24145 0.015359 2
0.44896 1.9237 1.8314 2
0.35865 1.9069 1.7085 2
0.25403 1.4149 1.4254 2
-0.23446 -0.089588 -0.29221 2
-0.25567 -0.40967 -0.53355 2
-0.146 0.16136 -0.071795 2
0.32292 1.3467 1.4435 2
0.16201 0.80889 0.82205 2
0.29192 1.4944 1.4864 2
0.078248 0.9345 0.67335 2
0.39712 1.614 1.633 2
-0.21229 0.09574 0.081481 2
0.087264 1.5792 1.4502 2
0.075536 1.4412 1.1753 2
-0.21563 0.36991 0.13509 2
-0.082299 -0.22769 -0.21087 2
-0.14221 -0.20106 -0.29977 2
-0.28737 -0.24908 -0.43279 2
-0.1927 0.003442 -0.10866 2
0.29749 2.0077 1.899 2
0.027009 0.91827 0.65353 2
-0.065184 0.84914 0.55685 2
0.53188 2.0591 2.0136 2
0.56729 2.0315 2.0144 2
-0.073354 -0.13918 -0.22718 2
0.059813 0.88456 0.61754 2
0.19494 1.5453 1.3029 2
-0.10551 0.24135 0.018497 2
0.079943 0.064427 -0.00013118 2
0.16597 0.77608 0.86669 2
0.1414 1.2327 1.0158 2
0.4829 1.3867 1.4659 2
-0.13117 0.023863 -0.20318 2
0.3433 1.7414 1.5476 2
0.016699 -0.026691 -0.11596 2
0.45814 1.7326 1.5568 2
0.0019146 0.019127 -0.13278 2
0.32454 2.0281 1.8046 2
0.30074 1.7989 1.5425 2
0.36757 0.8779 0.98992 2
0.28677 1.8074 1.7154 2
0.47121 2.0695 2.045 2
0.096021 0.68783 0.77295 2
0.22467 1.3302 1.3162 2
0.084355 1.2427 1.0051 2
0.35129 2.001 1.9465 2
-0.21687 0.13369 0.12209 2
0.17244 1.4836 1.4667 2
-0.1118 0.15727 0.05738 2
-0.038409 -0.002986 0.048187 2
-0.16027 -0.34724 -0.50048 2
-0.091293 -0.10991 -0.23834 2
0.64026 1.609 1.4675 2
0.31047 0.57095 0.68857 2
0.2634 1.516 1.273 2
-0.19444 -0.1064 -0.25744 2
0.18783 1.2848 1.3073 2
0.039306 0.98994 0.99536 2
-0.012497 0.73022 0.48093 2
0.38899 1.9921 1.9284 2
0.33566 1.9655 1.8624 2
0.30505 0.95876 1.0446 2
-0.035397 -0.04868 -0.16211 2
0.23014 1.7024 1.5234 2
0.66724 2.2795 2.1681 2
0.30426 1.7966 1.666 2
0.10349 0.57542 0.58455 2
0.14795 1.47 1.445 2
0.2473 1.0702 0.8681 2
0.06706 -0.22014 -0.2713 2
0.31503 1.116 1.191 2
0.78338 2.6322 2.596 2
0.11665 0.9036 0.72609 2
0.54851 0.83139 0.97453 2
0.22206 0.83724 0.90199 2
0.11537 0.58231 0.65399 2
0.30131 1.3561 1.0987 2
0.14396 1.3075 1.0596 2
0.074004 0.61557 0.4272 2
0.5291 2.1168 2.0774 2
-0.029398 -0.23084 -0.27193 2
0.40042 1.5679 1.5977 2
-0.094227 0.12044 -0.051497 2
0.48008 2.0677 2.0385 2
0.19778 0.15746 0.19105 2
0.27495 0.66157 0.75414 2
0.26695 1.186 0.97362 2
0.21486 1.9072 1.7704 2
-0.27006 0.039688 0.037104 2
0.090884 0.65285 0.45954 2
0.24534 2.1686 2.0061 2
0.067466 0.93761 0.97404 2
-0.01284 1.1786 0.90034 2
0.265 1.3883 1.1743 2
0.47739 2.2919 2.107 2
0.085339 0.40929 0.48342 2
-0.3171 -0.21354 -0.38759 2
0.10426 0.16116 0.078481 2
-0.056447 -0.11424 -0.18412 2
0.31853 1.1646 1.2334 2
0.10522 0.15133 0.12235 2
0.10897 0.13684 0.056065 2
-0.25463 -0.56488 -0.63444 2
-0.025488 0.21063 0.24949 2
0.0035149 0.15158 0.020476 2
0.23633 0.44772 0.49789 2
0.062271 0.025978 -0.04288 2
0.24558 1.6395 1.5256 2
0.48484 1.8456 1.8282 2
0.015212 0.1582 0.18581 2
0.041671 0.26522 0.16192 2
0.4826 2.328 2.1689 2
0.30394 1.8852 1.764 2
0.1708 1.8289 1.6197 2
0.24199 1.2962 1.0854 2
0.44783 1.8392 1.8489 2
0.20347 0.96555 0.77709 2
0.43436 1.7937 1.5838 2
0.47837 2.0691 2.0032 2
0.15912 1.0666 0.81958 2
-0.060033 0.4126 0.42531 2
-0.18484 0.68643 0.38329 2
0.46949 2.0608 1.8537 2
0.17703 0.54116 0.66203 2
0.25991 1.8672 1.764 2
0.10877 1.0998 0.82504 2
-0.2322 -0.19764 -0.33452 2
0.58654 2.1328 2.1544 2
0.19882 1.6155 1.3822 2
-0.025757 0.11425 -0.0098925 2
0.3423 0.81169 0.8867 2
-0.061312 0.21434 0.031339 2
0.2145 1.5815 1.344 2
0.40793 1.6657 1.4494 2
0.21586 1.4632 1.4715 2
0.34839 1.655 1.6262 2
0.44838 2.1075 1.9322 2
0.24655 1.9743 1.8235 2
0.43127 1.0982 1.2441 2
0.27872 1.4848 1.445 2
0.1239 0.9709 0.75303 2
-0.26071 -0.051682 -0.2509 2
0.21165 0.77231 0.56585 2
-0.082069 -0.1482 -0.19651 2
-0.029333 -0.071475 -0.1574 2
0.025321 -0.2213 -0.26846 2
0.24387 0.12309 0.27081 2
0.16738 1.0431 0.8019 2
-0.07512 0.8136 0.53551 2
0.17161 1.8489 1.5968 2
0.30012 0.83628 0.90254 2
0.12972 1.4364 1.3802 2
-0.16573 -0.25274 -0.3817 2
0.37249 1.5124 1.5489 2
0.15466 0.24603 0.3429 2
0.21678 1.5897 1.3292 2
0.076926 1.1525 0.8922 2
0.11986 0.20544 0.13645 2
-0.0064537 -0.10357 -0.069776 2
0.8098 2.3377 2.326 2
0.31598 2.1917 2.0142 2
-0.059943 -0.17267 -0.13306 2
0.20715 0.55772 0.61441 2
0.64728 1.9735 1.9855 2
0.45227 0.80574 0.97943 2
0.17878 1.4186 1.1741 2
0.2881 1.6516 1.4016 2
-0.25997 -0.096584 -0.25063 2
0.063659 -0.050678 -0.076376 2
-0.0018781 1.3071 1.0043 2
-0.063343 0.87559 0.61168 2
-0.15483 -0.15958 -0.15121 2
0.023417 0.97387 0.68565 2
0.45332 2.0308 1.9124 2
0.19597 1.747 1.6912 2
0.08379 0.35788 0.40676 2
0.08621 0.53264 0.58331 2
0.037361 0.2543 0.06821 2
0.26031 2.0626 1.8825 2
-0.25962 -0.46431 -0.5216 2
0.60328 2.1075 2.0416 2
0.06402 0.61639 0.68739 2
0.037628 1.2202 0.90184 2
0.32587 1.8835 1.8361 2
0.52532 2.2247 2.1582 2
0.22814 0.68827 0.79216 2
0.19315 0.29034 0.3356 2
0.23666 1.73 1.448 2
0.39694 1.7979 1.7779 2
0.40425 1.8556 1.8136 2
0.3715 2.0352 1.8644 2
0.042482 0.12126 -0.0017942 2
0.58781 2.1895 2.1932 2
0.2737 1.3427 1.3968 2
-0.083433 -0.020032 -0.17447 2
0.46183 2.3149 2.1872 2
0.63785 2.1266 1.981 2
-0.20134 0.031256 -0.12265 2
0.16365 1.3095 1.057 2
0.30708 1.9424 1.7489 2
0.04756 0.22006 0.13696 2
0.17692 1.8515 1.6178 2
0.30872 1.7029 1.6228 2
-0.026233 0.18214 0.10844 2
0.20481 2.0299 1.828 2
0.13066 1.041 0.78451 2
0.072393 0.73552 0.54079 2
0.10254 1.3848 1.2961 2
0.44526 2.0391 1.8947 2
0.13963 1.7309 1.5627 2
0.38238 2.0669 2.0132 2
0.34357 0.83101 0.93928 2
0.44679 1.9727 1.8083 2
0.17355 0.98837 0.97879 2
0.11889 1.5116 1.2729 2
0.071507 0.12946 0.15269 2
0.2534 0.46115 0.55275 2
-0.054588 0.67603 0.3534 2
0.36768 1.7809 1.5944 2
0.15686 0.81496 0.87657 2
0.10134 0.44079 0.50467 2
0.12725 0.4088 0.48864 2
0.17944 0.68389 0.75179 2
0.18229 0.49678 0.54772 2
0.10998 1.8388 1.5819 2
0.26892 0.049057 0.036451 2
0.57105 1.8287 1.922 2
0.064718 0.38178 0.42954 2
0.24735 1.0459 0.8336 2
0.17015 2.0289 1.8563 2
0.52223 1.9679 1.8324 2
-0.25638 -0.32325 -0.40284 2
0.061914 1.1935 0.91555 2
0.031802 0.075034 -0.053271 2
0.19818 0.15086 0.11762 2
0.2995 0.66008 0.75411 2
0.55782 2.435 2.3153 2
0.11655 0.74802 0.5481 2
0.18838 0.63106 0.43647 2
0.28463 2.009 1.8741 2
0.21012 1.8348 1.7562 2
0.31906 1.5128 1.3104 2
0.044646 0.76648 0.78011 2
0.31452 1.9775 1.7703 2
0.17836 0.08523 0.084804 2
0.51559 2.0571 2.046 2
0.17675 0.41204 0.31465 2
0.3734 0.99944 1.0837 2
0.0045004 0.67321 0.72282 2
0.18372 0.35523 0.40892 2
0.16952 1.7913 1.7015 2
0.39948 1.3957 1.4867 2
0.062442 0.70151 0.74969 2
-0.085995 -0.10518 -0.19345 2
0.60114 2.1838 2.0627 2
0.11636 -0.0798 -0.078896 2
0.42921 2.3452 2.2577 2
0.21016 0.70379 0.76288 2
0.1216 0.39521 0.46391 2
-0.074397 -0.19815 -0.28156 2
0.076215 0.086943 0.095331 2
0.60699 0.88821 1.059 2
0.54718 2.1502 2.1256 2
-0.074917 -0.024062 -0.090968 2
0.074693 0.13521 0.055909 2
0.62691 1.0773 1.2585 2
0.058684 1.4242 1.1165 2
-0.0090475 0.91671 0.65767 2
0.010557 -0.21357 -0.23047 2
0.53039 1.9217 1.926 2
0.16384 1.9296 1.7149 2
0.23024 0.2623 0.20563 2
0.06201 0.34908 0.15374 2
0.44864 1.4988 1.5613 2
0.2442 0.69698 0.58893 2
0.10498 1.5926 1.3283 2
0.23931 0.41416 0.47351 2
0.24383 0.77886 0.86596 2
-0.24598 -0.24678 -0.3973 2
-0.37857 -0.48565 -0.71507 2
-0.0031717 -0.079451 -0.15829 2
0.25264 2.037 1.8466 2
0.21149 0.8373 0.90278 2
-0.14411 -0.34753 -0.39119 2
0.18311 1.7117 1.4544 2
0.24142 1.6279 1.4571 2
-0.18628 0.56705 0.26799 2
0.49707 1.8735 1.9 2
0.31362 1.804 1.5902 2
-0.050364 -0.091773 -0.10458 2
0.46105 2.0253 1.9986 2
-0.32782 0.18292 -0.13342 2
0.19367 0.44352 0.49693 2
0.061631 0.49847 0.5741 2
-0.1178 -0.22062 -0.37605 2
0.21203 1.7155 1.472 2
0.58037 2.0732 2.023 2
-0.069832 1.5243 1.3072 2
0.23318 0.65413 0.74181 2
0.24259 1.9565 1.7576 2
0.020345 0.51376 0.31415 2
0.26394 0.42409 0.41538 2
0.27522 0.8352 0.93236 2
0.44605 2.1499 2.0524 2
0.37963 1.953 1.7543 2
-0.062908 0.82104 0.54696 2
0.013971 0.34312 0.22537 2