0.36507 -0.19289 -0.62299 1
0.003427 0.044325 0.42308 1
-0.32198 0.098442 0.44703 1
-0.57512 -0.097154 0.29489 1
0.36874 0.17138 0.60749 1
-0.085598 -0.16047 -0.46734 1
-0.46692 0.010453 -0.40214 1
0.39551 0.35013 0.62799 1
0.38435 -0.10864 -0.12756 1
0.94075 0.43703 0.55412 1
0.75273 0.3396 0.4986 1
0.74038 0.091196 -0.098565 1
0.70042 0.22795 0.32396 1
0.53123 0.39368 0.62204 1
-0.065512 -0.10727 -0.62626 1
0.38106 -0.063739 -0.46822 1
0.56217 -0.032705 -0.26677 1
-0.48006 -0.066132 0.33867 1
0.85911 0.21117 -0.13961 1
0.065974 0.19295 0.72136 1
0.65821 0.13127 0.14224 1
0.84497 0.1062 0.24964 1
-0.35916 0.047641 0.44949 1
-0.51401 -0.18643 -0.51901 1
0.62262 -0.062818 -0.13158 1
0.084248 -0.31422 -0.68006 1
-0.30066 -0.12596 -0.38072 1
0.27988 -0.018864 0.2671 1
0.78067 0.21047 0.28507 1
0.10512 0.40153 0.64126 1
0.53594 0.11122 0.31315 1
-0.61342 0.11881 0.54217 1
0.87167 0.15666 0.31363 1
0.41443 0.017739 0.34189 1
-0.6783 -0.25768 -0.57341 1
0.43401 -0.067828 -0.31322 1
0.41533 -0.079177 -0.50747 1
0.49706 0.12332 0.32088 1
-0.55453 -0.21056 -0.39215 1
0.92724 0.010024 -0.29117 1
1.1645 0.30088 0.1577 1
0.79752 0.10497 0.24413 1
-0.64567 -0.062296 -0.31803 1
0.77465 0.42184 0.60288 1
0.55955 -0.025477 -0.4114 1
0.21 0.036284 0.52496 1
-0.067434 0.0034008 -0.45499 1
0.076661 -0.22808 -0.53528 1
-0.30564 0.19095 0.30569 1
0.76063 -0.0033856 0.24281 1
0.39074 0.046448 -0.3711 1
0.008385 0.34478 0.61158 1
0.79808 0.27861 0.3065 1
-0.27225 0.1441 0.56828 1
-0.63639 -0.23669 -0.46763 1
-0.54652 -0.0074816 -0.060647 1
-0.30355 0.046192 0.33079 1
0.2756 0.24566 0.60734 1
0.48699 0.10133 -0.35909 1
-0.67809 0.064099 0.12985 1
-0.75843 -0.11025 -0.038481 1
-0.49162 -0.30364 -0.59273 1
0.48267 0.11247 0.48054 1
0.67352 -0.035097 -0.13081 1
-0.26313 0.15525 0.48431 1
0.4411 -0.14325 -0.23961 1
0.54132 -0.11972 0.099178 1
0.25833 -0.10194 -0.47481 1
-0.93813 -0.22777 -0.19843 1
-0.59249 -0.20901 -0.58308 1
-0.52137 -0.0036814 0.33932 1
0.27637 0.14718 0.46439 1
0.33597 0.35211 0.73544 1
0.73204 0.0016593 -0.16626 1
-0.42839 -0.18276 -0.60949 1
-0.73445 -0.16272 0.13313 1
-0.3739 0.11682 -0.29946 1
-0.7394 -0.15358 -0.50059 1
-0.65988 -0.29099 -0.51638 1
-0.68105 0.026019 -0.0096337 1
1.1491 0.38826 0.30971 1
-0.64151 -0.074206 0.026707 1
0.089914 0.24943 0.62654 1
-0.37004 -0.31482 -0.7681 1
-0.41934 0.055859 0.40386 1
-0.749 -0.096184 0.063927 1
0.16708 0.33132 0.66432 1
0.31613 -0.15581 -0.35411 1
0.012224 0.52537 0.45355 1
0.48968 0.08469 0.44022 1
-0.091416 -0.3182 -0.56273 1
-0.71169 0.0024979 0.22856 1
0.52796 -0.14003 -0.075028 1
0.43503 -0.030135 0.19698 1
0.65801 0.24197 0.49394 1
0.73557 0.1227 0.33291 1
0.703 0.099018 -0.31857 1
0.99646 0.18167 0.0991 1
0.34533 0.25264 0.65316 1
0.17816 0.2456 0.64849 1
0.90224 0.18014 -0.0040325 1
-0.91844 -0.1443 0.044771 1
0.026077 -0.29554 -0.65245 1
0.34615 -0.037478 -0.46257 1
0.67559 -0.070879 -0.22205 1
-0.77254 -0.21745 -0.38302 1
-0.35518 0.053516 -0.4939 1
0.50596 0.0097 0.24372 1
-0.13142 0.015451 0.58298 1
-0.75902 -0.018227 -0.2163 1
0.63469 -0.20411 -0.18514 1
0.93593 0.18883 -0.033229 1
-0.20834 -0.050754 -0.48966 1
-0.44114 -0.097501 0.43815 1
-0.28265 0.079111 -0.10336 1
-0.83824 -0.2168 -0.31285 1
0.23667 -0.1782 -0.69386 1
-0.67589 0.014215 0.058721 1
-0.71407 0.068465 0.041107 1
-0.12732 -0.27365 -0.64013 1
-0.4926 -0.19532 -0.78947 1
1.2289 0.418 0.22098 1
0.58657 0.10439 0.27602 1
-0.12355 -0.11732 -0.38742 1
-0.74624 -0.046898 -0.048351 1
-0.50327 -0.0032193 -0.41842 1
0.6234 0.045755 0.13087 1
-0.77554 -0.051473 0.27746 1
-0.11646 0.13008 -0.21694 1
-0.70601 -0.3515 -0.55573 1
0.75444 0.086183 0.24104 1
0.93562 0.098477 0.081857 1
-0.32514 -0.051442 0.25118 1
-0.19221 0.27387 0.44342 1
-0.56363 -0.23766 -0.53032 1
-0.74848 -0.10015 -0.40201 1
-0.55377 -0.22166 -0.42428 1
0.32905 -0.19437 -0.13639 1
0.61995 0.17676 0.24742 1
0.65595 -0.042171 -0.08032 1
-0.19293 0.15293 0.57194 1
0.23504 0.16922 -0.37509 1
-0.37062 0.056121 0.22644 1
0.45072 0.13948 0.39347 1
-0.34094 -0.083946 -0.45701 1
-0.49686 0.099934 0.24653 1
-0.35259 -0.2634 -0.63102 1
0.90288 0.07131 -0.050836 1
-0.44865 -0.089175 -0.34865 1
0.51199 0.10846 -0.11565 1
0.55264 0.21795 0.61176 1
0.41095 0.068966 0.59069 1
0.21214 -0.10299 -0.54057 1
-0.80188 -0.33282 -0.37467 1
-0.30695 0.13836 0.36599 1
-0.31181 0.092541 0.52364 1
0.64102 0.09038 -0.31056 1
0.35923 -0.15565 -0.40487 1
-0.70448 -0.20627 0.23972 1
-0.099606 -0.27946 -0.59094 1
-0.80418 -0.14511 -0.1463 1
-0.40404 -0.0071272 -0.2329 1
-0.60995 0.069931 0.076692 1
-0.3712 0.12141 0.49331 1
0.51889 0.0034024 -0.37428 1
0.79586 0.13393 -0.11946 1
0.72967 0.10459 0.14071 1
0.83594 0.27856 0.3297 1
-0.15527 0.20254 0.52288 1
0.76623 0.11871 -0.048372 1
-0.80731 -0.23071 -0.23849 1
-0.87934 -0.054829 0.10994 1
-0.96877 -0.14234 -0.024652 1
-0.2428 -0.023727 -0.34033 1
0.73372 0.12712 -0.31738 1
0.61112 -0.0057001 0.29337 1
-0.63236 -0.31065 -0.54505 1
-0.16612 -0.24975 -0.61516 1
-0.521 0.08515 -0.084888 1
0.66795 0.053622 -0.23214 1
-0.74353 -0.11193 -0.45961 1
0.35125 -0.14508 -0.52749 1
0.26353 -0.025076 -0.51312 1
-0.11783 0.074253 0.50299 1
-0.34699 -0.19274 -0.61249 1
0.70389 0.26185 0.44558 1
0.6788 0.10773 0.34598 1
-0.74288 0.046687 -0.098653 1
-0.771 -0.057514 0.15367 1
0.45933 0.34074 0.78691 1
0.51193 -0.065991 -0.029464 1
0.38736 -0.16094 -0.10479 1
-0.71556 -0.021012 -0.070584 1
-0.56657 -0.11347 -0.40614 1
-0.38343 -0.070698 -0.53525 1
-0.41859 0.072109 -0.26574 1
0.47075 -0.054658 -0.31784 1
0.6543 0.002295 -0.037261 1
-0.3598 0.10496 -0.065556 1
-0.33046 0.06582 0.41731 1
0.23897 -0.22225 -0.52136 1
-0.24726 -0.067688 0.58928 1
-0.045048 0.31272 0.47649 1
0.41742 -0.02836 -0.39424 1
0.26481 -0.03694 0.32672 1
-0.58591 -0.26552 -0.39506 1
-0.096102 0.11592 0.58427 1
-0.62381 -0.18075 0.38505 1
0.12006 0.27003 0.79698 1
0.76823 0.11692 -0.32399 1
-0.56996 -0.034597 0.15748 1
0.7384 0.11705 -0.065009 1
-0.44457 0.17277 0.52166 1
0.64835 0.24368 0.47645 1
-0.095398 0.026908 0.55044 1
0.9694 0.37553 0.43742 1
0.36224 0.10464 0.39755 1
0.75043 0.053123 -0.38579 1
-0.72823 -0.058101 -0.0046533 1
-0.35537 -0.11742 -0.39206 1
-0.64956 -0.050612 0.23729 1
-0.22323 0.061962 0.35934 1
0.094994 0.10616 0.60098 1
-0.89073 -0.25538 -0.18378 1
-0.51804 0.09095 0.43138 1
-0.34466 -0.17697 -0.59025 1
-0.033225 0.13059 -0.4357 1
0.4895 -0.097011 0.15536 1
0.57961 0.10181 0.12497 1
-0.36134 0.059884 0.35015 1
0.52602 -0.030617 -0.32641 1
0.4946 0.08037 0.39653 1
-0.36589 0.026882 -0.26021 1
-0.38599 -0.29187 -0.51632 1
0.60538 0.33319 0.71303 1
0.37965 -0.05429 -0.36424 1
0.86271 0.076914 0.084648 1
0.040324 0.25418 0.52962 1
-0.81214 -0.13973 0.13489 1
0.73513 0.044601 0.21444 1
-0.81833 -0.29688 -0.4448 1
0.16251 -0.2751 -0.68535 1
-0.30826 -0.082997 0.41098 1
-1.1043 -0.39056 -0.46304 1
0.78498 0.20519 0.15797 1
-0.63342 -0.41074 -0.77171 1
0.81571 0.18842 0.36168 1
0.71498 -0.1056 -0.0082534 1
0.49548 -0.123 -0.48261 1
-0.34813 -0.097545 -0.48425 1
0.76254 -0.0054806 0.03671 1
0.12503 -0.013203 0.35651 1
-0.28661 0.17389 0.50692 1
0.051129 -0.12262 -0.43081 1
0.55332 0.13669 0.36714 1
0.079422 -0.018062 -0.43636 1
-0.6345 -0.10659 -0.44605 1
0.63318 -0.0099607 -0.1935 1
0.35862 -0.094965 -0.46455 1
-0.42389 -0.18059 -0.70403 1
-0.47512 -0.34573 -0.55526 1
0.34426 -0.10285 -0.44066 1
0.75794 0.037753 -0.15982 1
0.26233 -0.16828 -0.49694 1
0.12993 0.30163 0.71219 1
-0.58645 -0.09808 -0.44808 1
-0.48674 -0.28645 -0.71384 1
0.1085 -0.28936 -0.63567 1
-0.72196 -0.047878 0.067066 1
-0.63895 -0.033265 0.38023 1
0.16892 -0.26254 0.31676 1
-1.2035 -0.29801 -0.34388 1
-0.68256 -0.17547 0.19205 1
0.51394 0.11626 0.44705 1
0.32134 -0.25004 -0.4309 1
-0.71098 -0.0064973 0.20454 1
-0.4206 -0.13265 -0.53818 1
0.84257 0.09278 -0.12415 1
-0.64725 -0.020678 0.17474 1
-0.44416 0.11865 0.41304 1
0.25193 0.027998 0.42575 1
-0.30823 0.12304 0.48238 1
0.53257 -0.086928 -0.14659 1
-0.90361 -0.26924 -0.24158 1
0.01047 -0.12683 -0.50526 1
-0.57995 -0.11536 0.049535 1
0.40207 0.06369 0.24578 1
-0.24422 0.29765 0.59716 1
-0.19656 -0.068499 -0.52118 1
0.92262 0.17349 -0.13354 1
0.88731 0.10469 -0.32305 1
-0.50023 -0.094096 -0.0042595 1
0.7728 0.091273 0.054616 1
-0.37721 -0.26659 -0.55086 1
-0.76794 -0.076643 0.2346 1
0.095279 0.15391 0.48426 1
0.54301 0.13036 0.22747 1
-0.035626 0.2017 0.51139 1
-0.20175 0.22733 0.47873 1
-0.43591 -0.11596 -0.37733 1
0.58063 -0.085392 -0.0016986 1
0.65567 0.11997 -0.11516 1
0.3401 0.13937 0.51564 1
0.11771 0.48318 0.71297 1
0.87489 0.30543 0.46242 1
-0.26102 0.077951 0.4313 1
0.82513 0.26954 -0.13936 1
-0.4128 -0.013531 -0.27008 1
-0.60222 -0.07607 -0.33215 1
0.71736 0.019229 -0.029348 1
-0.72066 -0.20364 -0.23339 1
0.11292 -0.28625 -0.51349 1
0.21144 -0.31177 -0.46536 1
0.86472 0.17706 0.34767 1
0.51463 -0.04339 0.34621 1
-0.61944 -0.14974 0.27333 1
0.72902 0.30144 0.49357 1
-0.54536 -0.081608 0.35993 1
0.37389 0.19669 0.51337 1
-0.57392 -0.048832 -0.31264 1
0.35819 0.03097 -0.51975 1
-0.037707 -0.08294 -0.48291 1
-0.51204 -0.037354 0.25313 1
0.57878 0.061707 0.29562 1
-0.022153 -0.19548 -0.5662 1
0.21748 0.19912 0.54855 1
-0.048532 -0.065912 -0.53822 1
-0.58939 9.02E-05 0.41232 1
0.23311 -0.15588 -0.55279 1
0.72408 -0.083927 -0.14407 1
1.0312 0.49572 0.64536 1
0.084742 0.10941 0.49111 1
0.38623 -0.1535 -0.43565 1
-0.39091 0.032034 0.49901 1
-0.53448 -0.2109 -0.58571 1
-0.28568 0.0102 0.44212 1
-1.1433 -0.33898 -0.33182 1
0.36822 0.31097 0.57213 1
0.66765 -0.1784 -0.26101 1
-0.39841 0.062689 0.42359 1
0.46873 0.070878 0.44563 1
-0.53748 -0.099571 -0.3861 1
0.98127 0.27948 0.25141 1
0.94458 0.24823 0.015673 1
0.56413 -0.013833 -0.029728 1
-0.7388 -0.27017 -0.4773 1
-0.56592 -0.16328 -0.51543 1
-0.19112 0.10146 0.41924 1
0.61147 0.215 0.45615 1
-0.25303 0.015619 0.40755 1
0.39083 -0.10916 -0.45673 1
0.1308 -0.033283 0.32403 1
-0.31027 -0.34635 -0.54124 1
-0.24922 0.16399 0.53416 1
0.54725 -0.088742 0.056647 1
-0.28256 -0.053515 -0.49909 1
-0.3408 -0.050239 -0.41792 1
0.56508 0.069743 -0.51446 1
-0.8047 -0.1058 0.06153 1
0.10423 -0.12757 -0.52767 1
0.45123 -0.083159 0.24949 1
0.82474 0.3156 0.3535 1
-0.41038 0.27604 0.26638 1
0.15171 0.088877 -0.41689 1
-0.87756 -0.41645 -0.54689 1
-0.85737 -0.082572 0.17511 1
0.46621 -0.21821 -0.39528 1
-0.16429 0.064639 -0.36613 1
0.229 0.31476 0.61686 1
-0.56236 0.063152 0.20999 1
0.21373 -0.23169 -0.14879 1
0.73101 0.011328 -0.28626 1
-0.74483 -0.10189 -0.015002 1
0.56051 0.032299 -0.31756 1
-0.51267 0.12682 0.53723 1
-0.54167 -0.062811 0.50954 1
-0.50775 -0.03035 -0.27609 1
-0.56111 -0.28694 -0.58222 1
-0.37828 0.10178 0.3957 1
0.74639 -0.00010762 -0.00013427 1
-0.73176 -0.02495 0.46271 1
-0.60468 -0.1386 0.31217 1
-0.032103 0.18295 0.54581 1
0.0016323 -0.2169 -0.58164 1
-0.62478 -0.39796 -0.48874 1
0.69477 0.17289 0.42634 1
0.078975 -0.25054 -0.59149 1
0.2698 0.12599 -0.38139 1
-0.074046 -0.099606 -0.53991 1
0.48981 0.0093884 -0.49172 1
0.55973 0.044367 0.206 1
-0.59249 -0.13928 0.21096 1
0.77594 0.0025476 0.30657 1
0.73979 0.35834 0.62685 1
0.98729 0.28356 0.48922 1
-0.70781 -0.1303 0.10248 1
0.15163 0.24843 0.58034 1
1.0086 0.24099 0.036429 1
0.67287 0.020279 -0.058789 1
0.87188 0.21156 0.35772 1
0.50146 -0.0020363 -0.18597 1
-0.52235 0.048338 0.16745 1
-0.71505 -0.24892 0.36813 1
0.71389 0.1738 0.18391 1
-0.11328 -0.1878 -0.47692 1
0.1072 0.07268 0.53476 1
-0.11747 0.25165 0.41632 1
0.36628 -0.082366 -0.4295 1
-0.079419 -0.31574 -0.76755 1
-0.66133 -0.12481 -0.34819 1
-0.94812 -0.29529 -0.17964 1
0.22996 0.022635 -0.51696 1
0.9643 0.27037 0.36018 1
0.61319 0.13773 0.38932 1
-0.51228 -0.024992 0.37165 1
-0.73906 -0.14861 0.23274 1
-0.53974 -0.11955 -0.48121 1
-0.78313 -0.11448 -0.055755 1
0.92586 0.46415 0.54927 1
0.4776 -0.028475 0.12525 1
0.29477 -0.15335 -0.36982 1
-0.30118 0.042955 0.25756 1
-0.61387 -0.012995 0.24734 1
-0.94395 -0.32861 0.11119 1
0.35144 -0.12444 -0.33839 1
0.29007 -0.1015 0.23782 1
0.59604 -0.079634 -0.2293 1
-0.77278 -0.053498 0.11939 1
-0.52417 -0.27069 -0.41972 1
0.70645 -0.012952 -0.17991 1
0.023415 0.00090126 -0.39464 1
0.52818 0.19794 0.29991 1
-0.62816 -0.16271 -0.37978 1
-0.3738 0.25111 0.47272 1
-0.35626 -0.12276 -0.50504 1
0.73123 0.34261 0.74804 1
-0.10996 -0.096969 -0.56042 1
0.53345 0.21582 0.59197 1
-0.51651 0.014872 0.18858 1
-0.47054 -0.089945 -0.29111 1
0.62297 0.10411 -0.37987 1
-0.63332 0.047354 -0.25529 1
0.26792 0.031949 -0.39581 1
0.51439 -0.033749 0.033996 1
-0.65715 -0.12417 0.27148 1
-0.34583 -0.27902 -0.66525 1
-0.31433 -0.18702 -0.4712 1
0.81598 0.21097 0.36488 1
-0.95176 -0.33634 0.062129 1
0.83522 0.31218 0.62608 1
0.33469 -0.14556 -0.56273 1
0.51058 0.034234 0.40052 1
0.13619 0.072551 -0.40755 1
0.088293 0.071854 0.6013 1
-0.31463 0.050442 -0.344 1
-0.76266 -0.48353 -0.64197 1
0.55039 -0.013949 0.029861 1
0.19043 -0.30332 -0.39982 1
0.15439 -0.067312 -0.50101 1
-0.085479 0.3827 0.71489 1
-0.28338 0.16892 0.45379 1
-0.65542 -0.35805 -0.46767 1
-0.62409 -0.066498 8.65E-05 1
-0.57161 -0.063271 0.19225 1
-0.12047 0.035922 0.45342 1
0.56705 -0.071571 0.029914 1
0.35274 0.19637 0.62467 1
-0.80786 -0.14766 -0.26155 1
1.1938 0.34754 0.19303 1
0.20813 0.010426 -0.54361 1
0.49554 0.1349 0.32361 1
0.65293 -0.007981 0.13707 1
0.25575 0.06735 0.54427 1
0.63258 0.074333 0.31296 1
-0.050869 -0.15191 -0.49602 1
0.59573 -0.035936 -0.20608 1
-0.98665 -0.30697 -0.39129 1
0.76051 0.22812 0.45379 1
0.057456 -0.3859 -0.5632 1
-0.61757 0.011883 0.20902 1
0.76151 0.24919 0.087479 1
-0.75114 -0.21481 0.12332 1
0.31321 0.074286 -0.39463 1
0.32268 -0.21476 -0.42071 1
0.42339 -0.15148 -0.42932 1
-0.67822 -0.23561 0.18422 1
1.0857 0.20629 0.086666 1
0.8371 0.14464 -0.16062 1
0.16442 0.15885 0.52629 1
0.47032 -0.1108 -0.4371 1
-0.3043 0.069985 0.35993 1
-0.50022 0.10064 0.26934 1
0.40172 -0.091148 -0.44861 1
0.83494 0.067246 0.021525 1
-0.33361 0.22567 0.55767 1
0.34745 -0.11526 -0.50666 1
-0.052219 0.056419 0.576 1
-0.83751 -0.25963 -0.18333 1
0.72571 0.023469 -0.092777 1
-0.42546 -0.33221 -0.70981 1
0.28041 -0.034074 0.31051 1
0.051872 0.31055 0.59887 1
0.22397 -0.054481 -0.46705 1
-0.18369 0.35506 0.40011 1
-0.79763 -0.11583 0.10426 1
0.63215 0.28951 0.47318 1
-0.55937 -0.025509 0.25101 1
-0.9273 -0.3846 -0.59196 1
0.40637 0.16315 -0.2693 1
-0.11486 0.16486 0.41375 1
0.55092 0.06238 0.35187 1
-0.538 0.086807 0.064598 1
0.54726 0.019863 0.10378 1
0.26302 -0.025415 0.34423 1
0.84359 0.067668 -0.026066 1
0.46068 -0.10858 -0.034172 1
-0.5366 0.10667 0.35917 1
-0.17462 0.34019 0.53659 1
-0.3073 -0.058751 0.44611 1
0.54681 -0.20076 -0.32673 1
0.45635 0.10536 0.52437 1
-0.62913 -0.16322 0.28106 1
0.062039 0.031527 -0.496 1
1.0983 0.3481 0.23033 1
0.51075 0.0059877 -0.28743 1
-0.8376 -0.16961 0.13297 1
-0.81759 -0.24467 -0.31866 1
-0.90406 -0.2078 -0.0093359 1
-0.057167 0.23105 -0.19397 1
-0.73419 -0.24416 -0.54757 1
0.5982 0.098143 -0.30302 1
-0.5439 -0.2235 -0.71687 1
-0.7773 -0.27536 -0.46843 1
0.5419 -0.062022 0.073938 1
0.46395 0.23634 0.65171 1
0.59005 0.13141 0.4012 1
0.43681 0.21571 0.59041 1
0.088684 0.2826 0.62548 1
-0.099759 0.054427 0.3877 1
-0.85231 -0.094926 -0.15865 1
-1.0156 -0.22975 -0.22247 1
0.5856 -0.0017792 -0.29962 1
0.41505 0.054304 0.29326 1
-0.52765 -0.14853 0.26516 1
-0.30035 -0.046639 -0.43927 1
0.35813 0.18318 0.64184 1
0.16113 -0.20172 -0.48289 1
-0.85064 -0.15497 -0.093477 1
-0.79965 -0.10494 -0.21418 1
-0.3576 0.12893 0.24085 1
0.57724 -0.13592 -0.15851 1
0.20294 -0.038911 0.26044 1
-0.78873 -0.28341 -0.46643 1
0.47239 -0.17013 -0.53247 1
-0.75658 -0.058754 0.11005 1
0.91831 0.20856 0.22306 1
0.27824 -0.18439 -0.4188 1
0.054547 -0.11124 -0.67168 1
0.057105 -0.0038333 0.43253 1
0.6663 0.086027 -0.097395 1
-0.48097 0.11892 0.10495 1
0.63688 0.044801 0.35401 1
-0.58255 -0.17523 -0.47976 1
0.85826 0.18216 -0.32367 1
0.58138 0.054238 -0.34623 1
0.73644 0.09684 0.049557 1
0.26693 -0.13382 -0.53644 1
1.288 0.49038 0.40224 1
0.60608 -0.087843 -0.29045 1
-1.0892 -0.15318 0.0061213 1
-0.044523 0.25549 0.57529 1
0.52467 -0.077965 -0.035681 1
0.52888 0.17082 0.33576 1
-0.63006 0.079495 -0.13939 1
0.26367 -0.30347 -0.60252 1
0.65136 0.20435 0.50032 1
0.30001 -0.32321 -0.2979 1
0.64433 0.004156 -0.30906 1
0.75012 0.074411 -0.083081 1
0.62795 0.29257 0.45203 1
0.64701 -0.047749 -0.31875 1
-0.07024 -0.22268 -0.57059 1
0.23554 -0.12922 -0.46557 1
-0.44702 0.11759 0.20181 1
0.37115 0.39213 0.79454 1
0.71079 0.11277 -0.075857 1
0.46799 -0.0096009 0.05711 1
-0.9518 -0.36186 -0.35862 1
0.52344 0.037653 -0.48329 1
-0.77327 -0.16745 -0.23768 1
0.50484 -0.046137 -0.52195 1
-0.27165 0.066645 0.45517 1
0.32578 0.29764 0.77299 1
-0.70737 -0.25693 0.21145 1
-0.34405 -0.24841 -0.52419 1
-0.47236 -0.2069 -0.39666 1
-0.49459 0.14485 0.18648 1
-0.81893 -0.13138 -0.29398 1
0.62555 0.25723 0.45335 1
0.47994 -0.017603 0.12124 1
-0.90134 -0.34352 -0.5328 1
0.5071 0.21161 -0.41787 1
0.50992 -0.064243 -0.31982 1
0.080101 -0.25848 -0.65489 1
0.85193 0.22909 0.219 1
-0.61076 -0.20381 -0.18567 1
-0.48665 -0.12089 -0.41977 1
0.17636 0.021675 -0.56843 1
0.29834 -0.19914 -0.48531 1
0.35503 -0.20068 0.16917 1
0.50918 -0.15033 -0.28449 1
0.32028 -0.19235 -0.2478 1
-0.042871 -0.36551 -0.51765 1
0.42177 -0.10832 -0.45928 1
-0.72209 -0.057993 0.20311 1
-0.65034 -0.021577 0.19958 1
-0.63334 0.028079 0.47088 1
-0.62503 0.09915 0.14031 1
-0.56389 0.048821 0.25844 1
-0.76375 -0.073198 0.21425 1
0.1511 -0.027379 -0.49596 1
0.73677 0.3307 0.47844 1
0.42994 -0.21651 -0.38229 1
0.096188 -0.013263 -0.42666 1
0.1715 0.18586 0.60736 1
-0.047727 0.083615 -0.28131 1
0.6091 -0.077846 -0.21736 1
-0.48818 0.1043 -0.047202 1
0.32368 -0.03627 -0.35561 1
-0.23155 0.13935 0.48167 1
-0.71217 -0.0053008 0.25103 1
-0.20672 0.29608 0.39713 1
-0.083765 0.017077 -0.42416 1
0.8999 0.23176 0.028288 1
0.82092 0.35004 0.46583 1
0.57629 0.12905 -0.32089 1
0.73308 0.065418 0.26509 1
0.048825 -0.15083 -0.51846 1
0.41924 -0.10434 -0.66181 1
-0.32515 0.13938 0.47079 1
-0.51602 -0.045867 0.27694 1
-0.36531 0.048447 0.30338 1
0.74426 0.19964 0.31258 1
-0.96887 -0.17466 0.029718 1
0.88013 0.28602 0.31388 1
-0.86762 -0.079468 -0.097388 1
0.2981 -0.31682 -0.67898 1
0.73844 0.19424 0.50387 1
-0.85669 -0.05196 -0.046675 1
0.81392 0.051342 0.0018713 1
-0.82801 -0.068686 0.24313 1
-0.54419 -0.40974 -0.7011 1
0.38955 0.2356 0.53289 1
0.44345 -0.087547 -0.51873 1
0.83732 0.21902 -0.13999 1
0.41893 0.06885 -0.15433 1
-0.76748 -0.07175 -0.19864 1
-1.0396 -0.32537 -0.21214 1
0.36606 0.046236 -0.37673 1
0.39146 -0.26188 -0.46572 1
-0.052655 0.038991 0.52655 1
-0.078115 -0.28427 -0.62739 1
0.38994 0.34582 0.58758 1
-0.2684 -0.15572 -0.57344 1
-0.74827 -0.087083 -0.26434 1
0.3205 0.087177 0.42253 1
0.54213 -0.18475 -0.39378 1
0.27135 -0.13946 -0.28948 1
0.48127 -0.0631 -0.45326 1
-0.019579 -0.1169 -0.5714 1
-0.5474 0.077327 0.18043 1
-0.75789 0.092064 0.027698 1
-0.67398 -0.25745 -0.434 1
0.67531 -0.019032 -0.052094 1
-0.010989 -0.26154 -0.45964 1
-0.28904 0.11545 -0.060143 1
0.64595 0.40707 0.63359 1
0.27919 0.16053 0.46774 1
0.60464 0.089469 0.25949 1
0.69837 0.16242 0.30707 1
0.73174 0.15298 0.2795 1
-0.44166 0.12135 0.41736 1
0.46633 0.1855 0.5596 1
-0.47943 -0.03722 0.12709 1
-0.4827 0.072395 0.51601 1
0.88435 0.42423 0.47277 1
0.74784 0.038483 -0.083913 1
0.35786 0.027403 0.44189 1
-0.52136 0.079712 0.37628 1
0.13548 0.11722 0.55327 1
-0.457 -0.043912 -0.34331 1
0.41409 0.016522 -0.38853 1
0.29514 -0.2305 -0.27071 1
0.58768 0.085298 0.19951 1
-0.096357 0.21144 0.61279 1
-0.61634 0.096344 -0.11204 1
-0.52977 0.075938 0.37692 1
-0.69091 -0.36825 -0.57126 1
-0.28242 -0.42452 -0.74451 1
0.1923 0.30646 0.6583 1
-0.6543 -0.23795 0.23745 1
0.4167 -0.15721 -0.5329 1
-0.79052 -0.21337 -0.17207 1
0.29605 -0.10477 -0.55073 1
0.70598 0.43393 0.53228 1
0.44362 0.066613 0.41316 1
0.13729 -0.14408 -0.63576 1
-0.73738 -0.18731 -0.52024 1
-0.74353 -0.12392 0.34283 1
-0.15872 -0.29959 -0.67119 1
-0.7568 -0.18571 -0.4531 1
0.17433 -0.10805 0.24074 1
-0.58784 -0.11471 0.26669 1
0.61693 -0.00094943 0.24471 1
0.14849 0.019995 0.55104 1
-0.66747 -0.29252 0.3229 1
0.40747 0.15009 0.52728 1
0.29167 0.043247 -0.50424 1
0.59887 0.095272 0.33902 1
0.16117 0.14054 0.4416 1
-0.461 -0.11193 -0.51273 1
0.54379 0.069736 0.12124 1
-0.65203 -0.29994 -0.48927 1
-0.44207 -0.16013 -0.44852 1
-0.32325 -0.041165 0.32138 1
-0.27126 -0.17016 -0.71355 1
0.037869 0.1575 0.60752 1
-0.49682 0.031519 0.31627 1
-0.78774 -0.2529 -0.33076 1
-0.54888 -0.106 -0.3554 1
0.4715 -0.16024 0.12768 1
-0.040811 -0.13057 -0.54331 1
0.86388 0.14676 0.15128 1
-0.1847 0.30584 0.37537 1
0.66636 -0.066249 -0.39034 1
0.66164 0.11372 0.12934 1
0.74445 0.11982 0.096753 1
-0.64144 -0.11715 -0.39065 1
-0.39901 0.12689 -0.14734 1
-0.85316 -0.06676 0.24558 1
-1.1058 -0.42997 -0.22794 1
0.65429 0.087632 0.092399 1
-0.45089 -0.044624 -0.36881 1
-0.82481 -0.094412 0.20925 1
0.13824 -0.14722 -0.59322 1
-0.54932 -0.07696 0.14442 1
0.94714 0.36281 0.47641 1
-0.39335 -0.036879 -0.30819 1
0.49226 -0.046066 -0.41259 1
-0.50169 -0.19638 -0.48756 1
-1.0698 -0.22756 -0.12898 1
0.3459 0.27045 0.60963 1
0.62119 0.16284 0.40077 1
-0.44554 0.06852 -0.22977 1
0.90537 0.21908 0.27712 1
0.71249 -0.034645 -0.16699 1
-0.64602 -0.02661 0.11631 1
-0.59317 0.022259 0.3674 1
0.44029 -0.089588 -0.34978 1
0.70498 0.16774 -0.28715 1
0.19852 0.15163 0.38913 1
0.6491 0.31819 0.67569 1
-0.76311 -0.27123 -0.54111 1
0.54713 0.080015 -0.36495 1
-0.71868 -0.096609 -0.37875 1
-0.13208 0.19189 0.50818 1
-0.23491 0.27781 0.25056 1
-0.54939 -0.036578 0.4293 1
-0.77651 -0.049776 -0.14975 1
-0.91135 -0.26141 -0.25204 1
-0.8951 -0.21355 -0.33963 1
0.17771 -0.073803 -0.49512 1
0.67749 0.13112 -0.17584 1
-0.48791 -0.29023 -0.52365 1
0.69361 0.032368 0.10161 1
1.1411 0.4327 0.32986 1
-0.39933 -0.18833 -0.55727 1
0.46555 -0.059442 -0.43083 1
-0.51482 0.17552 0.3477 1
0.46357 -0.018995 -0.28511 1
-0.66914 0.093524 0.15015 1
-0.49383 -0.2353 -0.58494 1
-0.95944 -0.094252 -0.1072 1
0.72961 0.18819 0.36733 1
0.57716 0.29385 0.50937 1
-0.38739 0.13823 0.0051167 1
0.050212 0.035715 0.41681 1
0.7601 0.29912 0.58731 1
-0.87363 -0.17508 -0.22986 1
0.30487 -0.033248 0.41107 1
-0.057108 -0.10021 -0.4595 1
0.55128 0.13595 -0.25846 1
0.58248 0.11279 0.40502 1
0.24006 0.16717 0.56465 1
0.73776 0.18595 -0.18182 1
-0.78935 -0.16296 0.34986 1
-0.62103 -0.128 -0.44282 1
-0.99924 -0.34835 -0.30117 1
0.642 0.14842 0.21376 1
2.0856 1.1238 0.57497 2
1.9459 0.77239 0.36844 2
0.33695 0.4068 0.10918 2
0.43448 -0.69952 -0.41677 2
0.73604 -0.54386 -0.26208 2
0.78424 -0.50388 -0.24116 2
1.915 0.60083 0.26018 2
2.0579 0.96439 0.40337 2
2.2511 1.2415 0.50381 2
0.34174 0.30065 0.16136 2
1.7238 0.29569 0.10094 2
0.088579 0.13698 0.026075 2
0.79144 0.78761 0.43196 2
2.1613 1.2962 0.47292 2
2.0803 1.0787 0.43101 2
1.0476 0.76828 0.35655 2
2.0147 0.82292 0.4886 2
1.7182 1.1411 0.52274 2
1.1684 0.85815 0.47933 2
1.6586 0.66702 0.40641 2
-0.55622 -0.86134 -0.35934 2
1.0711 -0.26622 -0.15108 2
0.16922 -0.74397 -0.30394 2
1.9123 1.1249 0.54533 2
-0.28768 -0.45767 -0.24291 2
0.26145 -0.79953 -0.35971 2
-0.46945 -0.5236 -0.2098 2
-0.073709 -0.11836 0.0047421 2
1.2756 0.0051137 -0.11972 2
0.62292 0.35851 0.10094 2
-0.3837 -0.68159 -0.32224 2
0.26484 -0.7239 -0.32371 2
-0.32382 -0.77799 -0.29898 2
1.9733 0.88225 0.22649 2
-0.32771 -0.6274 -0.3624 2
0.69026 -0.65954 -0.44872 2
1.6854 0.31898 0.057985 2
0.36477 -0.66915 -0.37881 2
2.0209 0.87225 0.34936 2
0.23848 -0.89427 -0.44477 2
0.62089 -0.78279 -0.37759 2
-0.45266 -0.90403 -0.32179 2
0.01623 -0.67454 -0.29308 2
-0.37595 -0.54083 -0.33699 2
-0.064203 -0.0035727 0.016579 2
0.0019921 -0.1664 -0.16389 2
1.4723 0.06766 -0.093775 2
-0.65975 -0.72365 -0.32235 2
1.7857 0.52106 0.17561 2
0.31357 -0.659 -0.20063 2
0.76732 -0.5162 -0.38866 2
2.2075 1.1409 0.53649 2
1.4661 0.014275 0.089267 2
1.5084 0.94617 0.46731 2
-0.1187 -0.33577 -0.06569 2
0.7002 -0.45133 -0.29194 2
0.23733 0.26474 0.22166 2
-0.20369 -0.33389 -0.16489 2
-0.10313 -0.11749 -0.058076 2
0.3786 -0.59736 -0.25969 2
1.6802 0.27883 0.11349 2
0.20958 -0.801 -0.47861 2
0.43893 0.40731 0.16521 2
-0.40043 -0.78308 -0.41524 2
1.4246 1.0348 0.45489 2
0.03267 -0.89349 -0.32791 2
-0.12084 0.059059 -0.080502 2
1.681 0.58956 0.37317 2
2.2573 1.1119 0.60054 2
-0.35854 -0.19869 -0.13236 2
1.7822 0.39782 0.15055 2
1.5874 1.0404 0.33972 2
0.035838 -0.78874 -0.31765 2
2.1333 0.92482 0.24511 2
-0.14471 -0.97351 -0.40591 2
1.6805 0.47708 0.29942 2
1.9227 0.64639 0.15201 2
0.32823 -0.71948 -0.36453 2
-0.145 -0.18027 -0.088735 2
0.54939 -0.60518 -0.4316 2
1.5248 0.17939 -0.038153 2
0.96388 -0.45189 -0.43449 2
1.8498 1.3078 0.59239 2
2.0736 0.76925 0.34083 2
1.3961 0.80881 0.23693 2
-0.11531 -0.88312 -0.37318 2
1.2185 0.94671 0.36579 2
0.6376 0.48789 0.20615 2
1.8675 1.0578 0.47109 2
-0.58309 -0.74571 -0.38868 2
2.2679 0.97873 0.42598 2
2.0217 0.73356 0.37231 2
1.5174 0.35668 0.092367 2
-0.01541 -0.76865 -0.35078 2
-0.29928 -1.0232 -0.65942 2
1.6978 0.65695 0.32 2
0.55828 -0.6787 -0.4386 2
1.9635 0.58078 0.22538 2
-0.32566 -0.76781 -0.33446 2
1.493 0.30681 0.17114 2
1.811 0.84483 0.45785 2
-0.05002 -0.79922 -0.33232 2
1.9892 0.79442 0.31877 2
-0.56292 -0.61443 -0.26511 2
0.87104 -0.47771 -0.18755 2
0.73791 0.56448 0.30001 2
-0.73202 -0.80792 -0.42466 2
1.4883 1.1018 0.54854 2
1.3779 0.91172 0.34714 2
1.6459 1.1935 0.59629 2
-0.50192 -0.28778 -0.11174 2
-0.14813 -0.12475 -0.026788 2
1.9218 1.0993 0.44405 2
0.43074 -0.64189 -0.35749 2
1.7548 0.45103 0.22024 2
0.4939 -0.5361 -0.28877 2
-0.60551 -0.82583 -0.28754 2
0.45056 0.58597 0.35228 2
1.91 1.106 0.48061 2
1.6104 1.1364 0.58929 2
1.4257 0.02212 -0.050895 2
-0.25509 -0.93623 -0.53891 2
1.3415 -0.090227 -0.037583 2
1.7482 0.55849 0.23066 2
2.2042 0.98741 0.63991 2
1.4872 0.17751 -0.0034331 2
1.5537 1.0067 0.57848 2
-0.081339 -0.79852 -0.37654 2
0.93842 0.82775 0.44773 2
1.9113 1.0081 0.46326 2
1.1038 0.90708 0.43546 2
0.58558 -0.58441 -0.36718 2
1.97 0.79432 0.40333 2
2.0229 0.90568 0.36936 2
1.3829 0.036356 0.066822 2
1.3212 0.97634 0.4414 2
1.089 -0.17197 -0.16679 2
1.1874 0.97031 0.35909 2
0.029322 -0.89084 -0.38308 2
1.0936 -0.20621 -0.091023 2
-0.31997 -0.60875 -0.39266 2
-0.46857 -0.80299 -0.43482 2
0.1548 0.083752 0.09762 2
0.15793 -0.72068 -0.33142 2
1.7578 1.1457 0.50588 2
0.43036 -0.76462 -0.43713 2
-0.12578 -0.2256 -0.16438 2
1.0805 0.7544 0.31126 2
2.0071 0.92025 0.45716 2
1.1224 -0.12775 0.041084 2
0.99087 0.70067 0.22217 2
1.8445 0.40987 0.087805 2
-0.45471 -0.4118 -0.21115 2
1.8892 0.90196 0.27668 2
-0.11244 -0.8965 -0.36426 2
1.9226 0.56623 0.1709 2
-0.13111 -0.024617 -0.041281 2
-0.29021 -1.141 -0.46006 2
-0.48815 -0.67711 -0.25331 2
1.6735 0.93514 0.39242 2
-0.45709 -0.5293 -0.27769 2
0.018397 -0.090452 0.08003 2
1.9568 1.0781 0.54336 2
1.727 0.92918 0.45574 2
-0.06056 -0.87184 -0.4034 2
-0.58328 -0.53027 -0.25233 2
-0.68003 -0.90338 -0.3695 2
1.4016 0.79005 0.20814 2
2.0627 0.76223 0.40061 2
1.1437 -0.051836 -0.016309 2
1.9564 0.69199 0.30097 2
0.76283 0.66351 0.24051 2
1.9394 1.1501 0.4875 2
0.82772 0.75236 0.35992 2
1.6128 1.068 0.512 2
1.8608 0.96809 0.44884 2
0.81632 -0.57801 -0.33492 2
0.60787 0.62145 0.26608 2
0.70492 -0.3679 -0.3068 2
0.31378 0.39516 0.15161 2
0.094321 0.019192 -0.018305 2
1.3422 0.85471 0.43549 2
0.73176 -0.4392 -0.2434 2
0.88142 0.68286 0.264 2
-0.56763 -0.80928 -0.43263 2
0.61043 -0.61454 -0.33142 2
1.8244 0.89792 0.29287 2
1.0919 -0.20338 -0.19921 2
1.8756 0.61833 0.18736 2
-0.41261 -0.70768 -0.32783 2
-0.51022 -0.44906 -0.22932 2
-0.44908 -0.48317 -0.19481 2
0.28317 -0.76453 -0.31558 2
1.3728 0.1351 0.11544 2
1.4883 0.15303 0.048357 2
-0.07521 0.034185 -0.032375 2
-0.15327 -0.85205 -0.45908 2
1.8651 0.78123 0.3014 2
0.99284 -0.28025 -0.058974 2
-0.5813 -0.628 -0.36019 2
1.783 0.60331 0.27042 2
0.57051 0.54819 0.27112 2
1.7964 0.4746 0.0092935 2
-0.44051 -0.58126 -0.11142 2
2.1172 1.059 0.47643 2
2.0309 0.78664 0.33536 2
0.73753 0.57781 0.21799 2
1.436 0.30458 0.035821 2
1.2684 -0.13489 -0.053634 2
1.7038 0.61042 0.20058 2
2.0488 1.3402 0.75986 2
2.2785 1.1365 0.39235 2
0.25779 0.25378 0.15386 2
2.3111 1.0384 0.44748 2
1.5153 1.1317 0.53455 2
0.25855 -0.74674 -0.37283 2
1.0481 0.83154 0.41883 2
-0.23249 -0.4094 -0.21716 2
0.99215 0.68686 0.28171 2
1.026 -0.3213 -0.10117 2
0.43841 0.24054 0.156 2
-0.48892 -0.63902 -0.25949 2
0.60342 -0.59783 -0.337 2
-0.37114 -0.53648 -0.25818 2
-0.31854 -0.60822 -0.25014 2
1.2787 0.88601 0.33445 2
0.28738 0.17157 -0.029175 2
0.98817 0.68598 0.32672 2
1.5056 0.050884 -0.048115 2
2.0654 0.87381 0.24508 2
0.15017 -0.92579 -0.44477 2
1.2793 1.1103 0.53078 2
1.2747 0.95617 0.47162 2
0.91202 -0.34034 -0.12647 2
1.7422 0.37661 0.1391 2
-0.47424 -0.52966 -0.22792 2
1.7047 0.30901 0.06911 2
0.66611 -0.49901 -0.19395 2
1.9988 0.78472 0.27573 2
0.26523 -0.69664 -0.44228 2
-0.20969 -0.16014 -0.053152 2
-0.45577 -0.65484 -0.24445 2
1.0141 -0.20099 -0.17249 2
-0.56629 -1.0011 -0.43575 2
2.0023 0.91161 0.43618 2
-0.43588 -0.92808 -0.4648 2
-0.35767 -0.73793 -0.44678 2
0.83142 0.69379 0.33035 2
0.85267 0.74211 0.29106 2
2.1396 0.97306 0.36484 2
0.26175 0.16778 0.041207 2
1.2392 -0.18128 -0.17405 2
0.65415 -0.68098 -0.25245 2
-0.65855 -0.88474 -0.46791 2
0.078887 -0.90641 -0.41195 2
1.1193 -0.17268 -0.10538 2
-0.057137 -0.8117 -0.41936 2
1.0617 0.73622 0.35708 2
-0.4837 -0.59505 -0.25146 2
1.2975 0.91876 0.46667 2
2.0697 0.87507 0.46321 2
-0.15694 -0.67198 -0.37409 2
0.65885 0.51904 0.28713 2
0.62522 0.44998 0.15526 2
1.9349 0.94711 0.37208 2
1.1527 0.76692 0.39738 2
1.3286 0.93331 0.37886 2
1.868 0.79477 0.29916 2
-0.34395 -0.6763 -0.48721 2
0.51426 -0.61513 -0.3706 2
1.3638 0.19046 0.18966 2
-0.21853 -0.80466 -0.26212 2
0.015394 0.088847 0.10595 2
-0.36874 -0.55364 -0.17058 2
0.43237 -0.68318 -0.3295 2
1.2276 0.92972 0.37198 2
1.5684 0.15737 -0.00056331 2
-0.24505 -0.61084 -0.212 2
-0.80647 -0.95239 -0.50754 2
1.2153 0.89424 0.4155 2
-0.55377 -0.71058 -0.44 2
2.0239 0.97916 0.43322 2
-0.64776 -0.8286 -0.39226 2
1.4587 1.0601 0.54047 2
1.3353 0.12589 0.042278 2
1.8175 0.75166 0.35248 2
-0.11488 -0.90258 -0.47188 2
2.1971 0.88844 0.4117 2
1.445 1.0537 0.47643 2
0.87284 -0.53365 -0.28585 2
0.14179 -0.59827 -0.22156 2
-0.44389 -1.0659 -0.54605 2
1.9951 0.83467 0.26958 2
1.4879 0.074533 -0.024939 2
-0.22442 -0.097769 0.072044 2
2.213 1.2515 0.64843 2
-0.015499 -0.46509 -0.24203 2
-0.29464 -1.0855 -0.52811 2
0.65657 0.49032 0.24361 2
-0.28206 -0.82813 -0.38103 2
1.7589 0.53007 0.23296 2
1.8873 0.73554 0.33077 2
1.4422 0.96209 0.34834 2
1.5332 1.0219 0.42917 2
1.8366 0.80752 0.2829 2
-0.26209 -0.93781 -0.44486 2
0.31241 0.26077 0.12688 2
1.0016 -0.27289 -0.16484 2
0.24707 0.23214 0.094924 2
2.0473 1.2119 0.48933 2
-0.2387 -0.093462 0.029535 2
0.41402 0.31438 0.099602 2
0.11629 -0.89412 -0.46821 2
1.4397 0.0075414 -0.16306 2
-0.30703 -0.2159 0.026394 2
2.1248 1.0535 0.55655 2
2.0592 1.0273 0.4568 2
-0.39003 -0.85811 -0.39075 2
0.9858 0.75268 0.22481 2
0.35978 -0.62435 -0.35623 2
0.50472 -0.72097 -0.26289 2
0.31959 0.16749 0.028055 2
1.9214 0.83922 0.45057 2
-0.44078 -0.83971 -0.44598 2
-0.63381 -0.94339 -0.43426 2
0.18901 -0.87276 -0.45375 2
0.97375 -0.3012 -0.24343 2
1.0923 0.67582 0.26444 2
1.6463 1.001 0.49437 2
1.729 0.33906 0.1988 2
1.337 -0.10527 0.0065024 2
1.0345 0.76497 0.41558 2
-0.16654 -0.7885 -0.31677 2
1.739 1.1679 0.50334 2
0.95434 0.78208 0.42642 2
2.0023 1.2297 0.53309 2
-0.66748 -1.0856 -0.57926 2
-0.45424 -0.87031 -0.34001 2
-0.31367 -0.38012 -0.12899 2
-0.44039 -0.7558 -0.38337 2
-0.53686 -0.74953 -0.28202 2
-0.48724 -0.8087 -0.45865 2
2.1265 1.0553 0.52593 2
1.8787 0.95044 0.40746 2
0.89482 0.8305 0.43312 2
0.17383 -0.61308 -0.31933 2
0.45169 0.47153 0.34749 2
1.2038 0.88969 0.4471 2
1.6715 1.1967 0.62112 2
0.97627 -0.27345 -0.28612 2
-0.50361 -0.79554 -0.2978 2
1.0872 -0.089407 -0.13166 2
-0.44716 -0.69429 -0.41504 2
1.9863 0.76803 0.29529 2
0.0068846 -0.10824 0.0019837 2
1.0817 0.77567 0.32364 2
0.49347 -0.63257 -0.31104 2
1.8267 1.1863 0.59093 2
-0.63602 -0.64668 -0.23332 2
0.80857 0.72591 0.23942 2
1.4734 1.0085 0.40781 2
-0.57755 -0.76646 -0.36086 2
-0.022809 -0.020098 -0.011338 2
0.66262 0.62005 0.24711 2
1.9026 1.1349 0.38578 2
0.14141 -0.0028523 -0.074778 2
-0.065001 -0.32478 -0.10412 2
1.2369 0.71807 0.28873 2
-0.50069 -0.91252 -0.40869 2
0.96734 -0.32888 -0.12274 2
-0.31113 -0.83832 -0.42526 2
0.61156 -0.49246 -0.29302 2
1.8935 1.2481 0.60925 2
2.3269 1.0965 0.53173 2
0.65505 0.61379 0.19181 2
-0.40015 -0.98476 -0.5232 2
-0.28576 -0.72338 -0.50723 2
-0.36252 -0.39082 -0.17543 2
0.084563 0.059534 0.010927 2
2.0976 1.1233 0.5082 2
1.8303 0.90493 0.52802 2
1.4792 0.27927 0.064601 2
0.50461 -0.55242 -0.35702 2
-0.59862 -0.5314 -0.27591 2
1.9118 0.91248 0.33183 2
1.0035 -0.24205 -0.084729 2
0.99419 0.83009 0.43562 2
0.10607 -0.79775 -0.26289 2
-0.33151 -0.53011 -0.24659 2
-0.22755 -0.76165 -0.25336 2
2.4801 1.1643 0.61303 2
0.8407 -0.44041 -0.2311 2
-0.2561 -0.44799 -0.26196 2
1.5103 0.13242 -0.010926 2
0.77774 -0.31365 -0.17831 2
-0.58107 -0.62368 -0.3503 2
-0.487 -0.56015 -0.32484 2
0.77503 -0.55006 -0.45653 2
2.0773 0.85779 0.32267 2
1.8891 0.7631 0.22838 2
1.3304 0.97904 0.30575 2
1.3895 -0.047422 0.0084546 2
2.0399 0.93167 0.37598 2
0.72545 0.40793 0.26376 2
-0.5218 -0.87093 -0.4983 2
1.3963 1.0636 0.40945 2
1.8748 1.0246 0.52412 2
1.4747 0.063057 -0.027868 2
1.8275 1.0167 0.39528 2
2.0218 0.65218 0.35367 2
-0.49032 -0.99848 -0.5109 2
-0.33908 -1.0535 -0.63353 2
0.40357 0.45174 0.1545 2
0.57126 -0.51954 -0.28208 2
1.6976 1.2702 0.52446 2
-0.041961 -0.84898 -0.47538 2
1.1472 -0.18644 -0.094329 2
2.3168 0.95914 0.46363 2
0.4781 0.49124 0.22017 2
-0.3506 -1.0734 -0.53755 2
0.83027 -0.38675 -0.11661 2
1.1126 -0.22266 -0.1738 2
2.5155 1.3745 0.55538 2
-0.36492 -0.57466 -0.35899 2
1.9528 0.84713 0.42043 2
1.7956 1.0822 0.51027 2
2.3665 1.2633 0.59717 2
0.74064 0.72286 0.38422 2
-0.18259 -0.78411 -0.40432 2
-0.40429 -1.237 -0.62036 2
2.3781 1.0711 0.51871 2
2.0599 0.99471 0.4166 2
-0.74794 -0.94362 -0.30061 2
0.48353 0.53647 0.34688 2
2.0026 0.81909 0.35354 2
-0.52954 -0.65968 -0.35529 2
0.08901 -0.67153 -0.28369 2
-0.5977 -0.72708 -0.35308 2
-0.25214 -0.61326 -0.26928 2
1.1601 0.80345 0.27014 2
1.8777 0.46657 0.23569 2
0.86629 -0.31254 -0.10719 2
1.5809 0.71905 0.20965 2
1.1648 -0.23631 -0.10255 2
1.3917 1.1416 0.62227 2
-0.53388 -0.41277 -0.24429 2
0.27754 -0.63562 -0.38967 2
-0.20825 -0.31648 -0.22691 2
0.46875 0.43371 0.24375 2
-0.64625 -0.67908 -0.37179 2
-0.12778 -1.0282 -0.39002 2
0.11724 -0.7797 -0.44946 2
1.794 0.58729 0.25771 2
0.82521 -0.54474 -0.29668 2
1.816 0.7559 0.40417 2
-0.25433 -0.50447 -0.20632 2
0.53471 0.48424 0.27499 2
-0.52313 -0.60154 -0.23952 2
2.1869 0.99974 0.57299 2
1.403 0.98022 0.35265 2
1.0555 -0.23261 -0.18898 2
0.40515 -0.73018 -0.3271 2
1.8318 0.61598 0.25771 2
1.6788 0.30615 0.077735 2
0.12013 0.22682 0.14288 2
0.46061 -0.76619 -0.34215 2
1.9103 0.97375 0.42791 2
-0.12492 -0.97843 -0.48538 2
1.7454 0.47904 0.19754 2
2.1667 0.98868 0.38709 2
0.56537 0.38525 0.19384 2
1.019 0.72815 0.43173 2
0.15193 -0.86256 -0.3932 2
-0.32325 -1.0059 -0.35966 2
0.94609 -0.22654 -0.21029 2
1.9569 0.72662 0.26376 2
-0.62237 -1.0285 -0.55632 2
1.8935 1.0258 0.36748 2
0.47386 -0.5301 -0.27853 2
1.2203 0.8407 0.3601 2
2.0392 1.0484 0.36874 2
1.5187 0.031663 0.0015002 2
-0.74259 -0.99265 -0.55894 2
1.8628 0.9088 0.43725 2
-0.15661 -0.26489 -0.082631 2
0.082856 -0.020835 -0.12784 2
0.3006 -0.71451 -0.37586 2
1.8308 0.90685 0.339 2
2.0067 0.94269 0.32449 2
-0.66846 -0.95572 -0.53131 2
0.098795 0.15007 -0.049877 2
-0.24698 -0.86776 -0.49912 2
1.1899 1.0106 0.36921 2
1.2277 0.94189 0.43374 2
-0.086596 -0.90878 -0.56127 2
0.18313 -0.74897 -0.40286 2
0.69781 0.72554 0.39838 2
0.86377 0.58265 0.24733 2
2.1032 1.033 0.53745 2
2.0414 1.292 0.54558 2
0.85165 -0.37739 -0.11468 2
-0.67225 -0.88309 -0.35788 2
1.3631 1.0393 0.48419 2
1.0874 0.8126 0.292 2
1.9187 0.59801 0.28043 2
1.4057 0.10189 0.040589 2
1.3449 -0.0024184 0.006387 2
0.33419 -0.80247 -0.45707 2
1.4534 0.9082 0.44161 2
0.63604 0.48368 0.18734 2
2.1694 1.1732 0.59622 2
1.2411 0.96742 0.36319 2
0.29124 0.18816 0.051198 2
-0.32151 -0.60498 -0.29026 2
1.8988 1.2341 0.6225 2
0.76075 -0.43902 -0.18681 2
-0.056028 -1.069 -0.59042 2
0.56732 -0.53849 -0.21295 2
0.021864 0.11487 0.11306 2
0.27639 -0.66344 -0.38997 2
0.9072 -0.31575 -0.12732 2
-0.29559 -0.43333 -0.048771 2
1.4439 1.0308 0.50159 2
-0.023281 -0.86995 -0.46644 2
0.86744 0.59711 0.28596 2
1.7225 0.46028 0.26938 2
0.60516 0.29652 0.14751 2
1.2627 0.63649 0.19595 2
0.23281 0.26292 0.25947 2
-0.4555 -0.67095 -0.25172 2
1.9024 0.81102 0.33421 2
1.813 0.91258 0.43312 2
-0.2925 -0.88729 -0.5126 2
0.22242 -0.82647 -0.37936 2
1.0059 -0.37178 -0.26323 2
0.53686 -0.56032 -0.24969 2
1.8786 0.67707 0.24714 2
-0.54873 -0.73259 -0.3683 2
0.62972 0.63757 0.27616 2
1.464 1.0685 0.37163 2
1.9371 0.48192 0.30158 2
1.9118 0.92763 0.42237 2
1.2466 0.81691 0.26842 2
1.7042 0.63785 0.28603 2
2.0188 0.76592 0.28533 2
1.8084 0.59869 0.36178 2
1.8059 0.56885 0.1639 2
-0.47243 -0.77603 -0.41274 2
1.6669 1.2996 0.63782 2
1.6722 1.1735 0.39785 2
-0.13062 -0.54016 -0.19544 2
1.4941 0.25081 0.10014 2
0.36553 0.26287 0.16901 2
-0.46344 -0.24073 -0.17643 2
1.531 0.97682 0.40389 2
1.219 0.9345 0.61763 2
-0.58372 -1.0882 -0.62635 2
0.10363 -0.83698 -0.3961 2
0.054435 -0.033835 0.068812 2
2.021 0.84899 0.33316 2
0.4983 0.44565 0.21223 2
-0.45179 -0.99497 -0.5727 2
-0.070418 -0.80851 -0.43563 2
-0.53541 -0.82673 -0.52105 2
1.7022 1.1099 0.43021 2
1.8001 0.46242 0.17151 2
1.1182 0.80662 0.42786 2
0.37248 0.25547 0.089932 2
0.58681 0.59859 0.33987 2
1.2196 0.89136 0.43419 2
-0.7594 -0.94275 -0.49866 2
0.28178 -0.69317 -0.31881 2
1.801 1.1565 0.49888 2
0.28378 0.28561 0.12892 2
1.9642 1.0388 0.38913 2
1.7331 1.0755 0.4936 2
1.2561 -0.13401 -0.11049 2
1.6156 1.1205 0.38763 2
1.2807 0.93018 0.53073 2
2.13 1.1415 0.55036 2
0.37735 -0.83619 -0.38121 2
0.79915 0.73437 0.37811 2
1.1126 -0.19874 0.035258 2
0.84538 -0.39619 -0.1044 2
0.16432 -0.91128 -0.40165 2
1.2348 0.82418 0.46668 2
0.63266 -0.38148 -0.16941 2
-0.18687 -0.36561 -0.15996 2
2.1005 0.94431 0.40328 2
2.0512 0.82285 0.36477 2
-0.009928 -0.88419 -0.2852 2
-0.48653 -0.8208 -0.49988 2
-0.38047 -0.90861 -0.50194 2
1.1358 0.92807 0.48006 2
1.2991 -0.12681 -0.050097 2
-0.257 -0.5964 -0.24925 2
1.4527 0.18876 0.12363 2
1.2225 0.9092 0.4247 2
0.60224 0.55648 0.22379 2
1.0722 0.88725 0.36509 2
0.14618 -0.72411 -0.38639 2
-0.28798 -0.87226 -0.53269 2
-0.4158 -0.58716 -0.3215 2
2.1169 1.0259 0.54187 2
2.0181 0.89761 0.43319 2
-0.54009 -0.82474 -0.4898 2
-0.24046 -1.0365 -0.49744 2
2.2089 0.96402 0.41689 2
1.4519 1.0097 0.55037 2
-0.48949 -0.57311 -0.34664 2
1.2321 1.0235 0.53555 2
-0.083421 -0.94762 -0.43288 2
-0.14324 -0.86529 -0.37288 2
0.59405 -0.57186 -0.43729 2
1.7315 0.82591 0.36244 2
-0.13164 -0.82974 -0.35062 2
-0.080938 -0.70292 -0.32277 2
1.9179 0.92295 0.42752 2
0.94992 0.77847 0.24789 2
2.17 1.0539 0.50841 2
1.2618 0.89885 0.28999 2
1.8179 1.1667 0.59951 2
0.83539 -0.40636 -0.13518 2
0.11909 -0.70801 -0.36563 2
2.0423 0.64825 0.27497 2
0.41074 0.31869 0.13601 2
1.8106 0.39343 0.17575 2
0.25562 0.25719 0.12227 2
-0.024739 -0.90802 -0.45228 2
1.7619 1.2623 0.71402 2
1.2906 1.0188 0.46768 2
2.0132 0.74474 0.30099 2
-0.36301 -0.87557 -0.37861 2
-0.22254 -0.78696 -0.42611 2
1.8036 1.1328 0.58076 2
0.41033 0.36718 0.17232 2
0.50069 0.53502 0.34453 2
0.63557 -0.59504 -0.31972 2
-0.074286 -0.19948 -0.023911 2
0.36627 0.44981 0.13425 2
-0.00095412 0.0042916 -0.0048694 2
1.7894 1.0363 0.46135 2
0.76031 0.6381 0.39079 2
-0.35053 -0.30396 -0.11721 2
2.2315 1.0476 0.48685 2
1.0521 0.83817 0.37933 2
0.94565 0.75927 0.35802 2
-0.12212 -0.0044093 0.019494 2
1.175 0.85098 0.43702 2
0.52427 0.4254 0.12458 2
0.32979 0.32035 0.32945 2
-0.25491 -0.64155 -0.26324 2
0.83077 -0.28067 -0.01747 2
0.19967 0.063882 -0.084781 2
-0.53186 -0.69583 -0.36626 2
0.034805 -0.72918 -0.29437 2
1.5085 0.21994 0.087978 2
1.8648 0.54304 0.34668 2
1.9058 1.3413 0.6505 2
0.25307 -0.83904 -0.45296 2
1.4871 0.96899 0.46952 2
1.9307 0.70634 0.33038 2
0.95697 0.81574 0.35244 2
0.20695 -0.66334 -0.33907 2
-0.18994 -0.95063 -0.40672 2
0.0059524 -0.097901 0.10388 2
-0.43303 -0.88901 -0.49374 2
-0.021804 -0.82314 -0.37236 2
0.77658 -0.49427 -0.25924 2
1.6995 1.0699 0.61231 2
1.9689 0.6874 0.26643 2
1.6075 0.33808 0.19661 2
1.2894 0.91813 0.37295 2
0.95132 -0.43889 -0.24887 2
1.1167 -0.013671 -0.03851 2
2.0601 1.0864 0.5617 2
-0.1015 0.077506 0.015398 2
0.14907 -0.75521 -0.40624 2
-0.021831 -0.91642 -0.45957 2
1.9662 1.0261 0.5245 2
0.49935 -0.64698 -0.29991 2
2.0771 1.0795 0.44414 2
0.46996 -0.69758 -0.26631 2
1.8054 1.0058 0.37596 2
-0.32712 -0.14533 -0.028631 2
1.2816 -0.044214 -0.098892 2
2.1585 0.95811 0.36172 2
0.66693 0.46383 0.23815 2
0.73201 0.72016 0.31954 2
1.0922 -0.14908 0.12326 2
2.0183 0.97152 0.55985 2
-0.18204 -1.0609 -0.56612 2
0.519 0.5026 0.16588 2
1.947 0.61295 0.31694 2
1.6312 0.36839 0.069721 2
1.9004 0.78549 0.41717 2
1.3479 1.0504 0.38477 2
1.9504 0.74429 0.35672 2
1.0922 -0.41016 -0.2514 2
1.3497 0.010191 -0.11643 2
0.27931 -0.80793 -0.2789 2
-0.61239 -0.51013 -0.22464 2
-0.56604 -0.77996 -0.41155 2
2.2863 1.0911 0.57162 2
0.56679 -0.62844 -0.33082 2
0.92375 -0.34442 -0.23695 2
-0.033877 -0.19911 -0.058117 2
-0.2647 -0.6876 -0.31619 2
0.66602 0.66022 0.39713 2
1.7595 0.55879 0.2501 2
1.1691 0.92889 0.49238 2
0.20972 0.041045 -0.042121 2
1.4523 0.17751 0.064395 2
0.43271 0.52853 0.33633 2
0.10429 0.04051 0.002702 2
1.9599 0.98093 0.40696 2
1.8224 0.72641 0.29461 2
0.61595 0.41348 0.18548 2
1.5144 0.95315 0.44784 2
1.9529 0.83968 0.32957 2
-0.33901 -0.59471 -0.27945 2
-0.34482 -0.52941 -0.20307 2
1.7414 1.221 0.66268 2
1.9574 1.253 0.54517 2
1.8078 0.60741 0.24969 2
1.8078 0.28981 0.13141 2
-0.47703 -0.90218 -0.48406 2
1.5059 0.20604 0.058805 2
0.69338 -0.56419 -0.15258 2
0.75506 -0.48746 -0.21458 2
-0.5554 -0.66883 -0.24422 2
1.4215 0.64343 0.25916 2
0.32903 0.32212 0.11254 2
-0.23211 -0.26412 -0.099639 2
-0.5552 -1.1815 -0.63951 2
1.0485 -0.098465 -0.13908 2
1.8549 0.93563 0.39043 2
0.48194 -0.63802 -0.35763 2
0.37475 0.3777 0.14057 2
-0.54484 -0.61606 -0.20013 2
-0.082748 -0.92977 -0.44725 2
-0.20388 -0.053009 0.054902 2
-0.24444 -0.36124 -0.2543 2
0.5225 -0.64861 -0.38051 2
2.073 1.088 0.49585 2
1.78 0.3114 0.009177 2
-0.69979 -1.0154 -0.38769 2
-0.087544 -0.55727 -0.32533 2
0.2062 0.29854 0.046742 2
-0.42746 -0.83197 -0.42667 2
1.8917 1.3274 0.66603 2
0.57005 0.46469 0.18082 2
1.276 -0.015471 0.0022166 2
-0.53928 -0.6398 -0.30854 2
0.49877 -0.78236 -0.39999 2
-0.45291 -0.88594 -0.4324 2
1.63 1.0112 0.49749 2
0.47083 -0.60063 -0.24599 2
-0.34149 -0.47701 -0.19823 2
-0.72843 -0.91768 -0.4835 2
0.35996 -0.76621 -0.40274 2
1.8475 0.36505 0.077274 2
2.1804 0.91598 0.43035 2
0.84163 -0.35152 -0.090435 2
-0.15752 -0.42982 -0.13605 2
0.72989 -0.4782 -0.15102 2
-0.25497 -0.86859 -0.43391 2
-0.42939 -0.91439 -0.481 2
0.93384 0.83936 0.31685 2
1.7506 0.91067 0.39777 2
1.4251 0.98899 0.47553 2
2.1396 1.0409 0.4642 2
0.14091 0.056458 0.04046 2
-0.32445 -0.35493 -0.021739 2
1.8773 0.73449 0.2703 2
1.8339 0.73265 0.36528 2
0.48366 0.4149 0.3141 2
1.48 1.0058 0.40577 2
2.133 1.0577 0.35944 2
-0.35704 -0.39436 -0.26185 2
-0.44086 -0.60003 -0.23462 2
1.3532 -0.035194 -0.060495 2
1.338 0.03225 0.03842 2
1.4129 0.97276 0.3433 2
-0.47295 -0.65498 -0.2766 2
0.58652 -0.76626 -0.43632 2
0.60962 -0.47387 -0.25439 2
2.0024 0.71751 0.25008 2
0.11121 -0.94259 -0.50003 2
-0.056971 -0.89644 -0.38358 2
0.79101 -0.4053 -0.26096 2
1.1582 0.70423 0.19321 2
0.89759 0.66968 0.20884 2
0.22411 -0.65275 -0.3191 2
2.1149 0.91914 0.31343 2
0.3341 -0.67055 -0.22725 2
-0.51244 -0.74012 -0.49 2
1.6049 0.19326 0.094332 2
0.14739 -0.73272 -0.35578 2
0.42024 -0.61527 -0.28635 2
