-0.50092 -0.81454 -0.23459 -0.57665 1
-0.2848 0.17555 -0.3059 0.27536 1
0.64706 0.43449 0.5779 0.20668 1
0.01236 0.82992 -0.30055 0.75938 1
-0.12264 0.48885 -0.33493 0.57118 1
-0.068032 -0.97719 -0.37034 -0.79825 1
-0.61338 -0.93651 -0.56466 -0.60052 1
0.30597 0.27991 -0.50617 0.15177 1
-0.39269 -0.034933 0.55208 0.12115 1
-0.22245 -0.31035 -0.65197 -0.11245 1
-0.5638 -1.2497 -0.92878 -0.83777 1
0.2732 0.73829 -0.36885 0.64636 1
-0.19865 -0.11992 0.82052 -0.15049 1
0.56544 0.77742 -0.35412 0.59798 1
-0.27297 -0.64182 -0.99059 -0.5372 1
-0.29846 -0.78345 -0.54556 -0.64929 1
0.002626 -0.48259 0.75015 -0.47801 1
-0.30315 -0.67303 0.81298 -0.54437 1
-0.32681 -0.22327 0.67638 -0.19492 1
0.77249 1.0543 0.3309 0.62875 1
-0.52214 -0.98715 -0.22764 -0.76153 1
-0.56209 -0.74681 -0.64028 -0.42468 1
-0.60804 -0.90783 -0.47134 -0.6372 1
-0.36701 0.018995 -0.12773 0.16332 1
0.097931 -0.43097 -0.41071 -0.37508 1
0.47875 0.74758 0.80653 0.47927 1
0.57373 0.31651 0.22576 0.062675 1
-0.57161 -1.1638 -0.22369 -0.93642 1
-0.4108 -0.20415 0.416 -0.028162 1
0.0053951 -0.39726 0.18559 -0.44579 1
-0.054382 -0.096667 0.82699 -0.032777 1
-0.16491 -0.98081 0.061559 -0.85841 1
0.25977 0.77968 0.87317 0.63894 1
-0.78356 -1.2475 -0.78745 -0.80913 1
0.4792 0.472 -0.31468 0.34185 1
-0.36092 -0.94529 0.33808 -0.68674 1
-0.17579 0.46092 -0.55405 0.48117 1
-0.36461 -1.102 0.29992 -0.80198 1
0.078064 0.58329 -0.4208 0.58784 1
0.41533 -0.048018 0.29349 -0.19351 1
-0.31626 -0.67857 -0.77286 -0.47699 1
-0.036712 0.16125 0.78402 0.19838 1
-0.47817 0.01153 -0.57606 0.15277 1
0.52653 0.69925 0.99287 0.35845 1
-0.36293 -0.79611 -0.73184 -0.61107 1
0.42893 1.0129 -0.050886 0.78988 1
0.20321 0.5975 0.94155 0.39238 1
-0.67683 -0.91418 -0.75239 -0.52965 1
-0.81079 -1.4979 -0.83947 -1.0376 1
0.27108 0.95101 -0.10398 0.77574 1
0.33853 -0.13977 -0.077731 -0.22474 1
-0.55047 -0.095082 0.072297 0.10754 1
0.41296 0.91563 0.82976 0.74573 1
-0.7525 -0.88974 -0.47247 -0.48895 1
0.11617 -0.56638 -0.64387 -0.48819 1
-0.38263 -0.7633 0.39158 -0.66368 1
-0.38006 -0.10707 -0.8499 0.046603 1
0.3638 1.1086 0.83719 0.84097 1
0.64339 1.1754 0.64863 0.86542 1
0.27688 0.045328 0.4007 -0.1637 1
0.24165 0.20735 1.0007 0.020418 1
-0.28169 -0.61887 0.3211 -0.55223 1
0.59273 1.0858 0.67816 0.74903 1
-0.75473 -1.2337 -0.80118 -0.76755 1
0.56449 0.62259 0.5833 0.36015 1
0.37623 0.089687 0.38921 -0.084916 1
-0.4265 -0.55258 -1.0366 -0.37395 1
-0.22837 0.22227 -0.55058 0.30912 1
-0.73948 -1.2402 -0.86229 -0.83138 1
0.41875 -0.13289 -0.28555 -0.22834 1
-0.43431 -0.90914 0.64541 -0.69031 1
0.01769 -0.36613 -0.82878 -0.26424 1
0.64518 1.0711 1.0825 0.77312 1
-0.1406 -0.79279 -1.0553 -0.63948 1
0.50999 0.18591 0.70057 -0.025046 1
0.47343 -0.0093225 0.59968 -0.21299 1
-0.66219 -0.60724 0.066466 -0.27182 1
0.22524 0.76527 0.83309 0.54979 1
-0.26196 -0.62798 -0.91958 -0.46036 1
-0.44105 -0.12277 -0.13683 0.092779 1
-0.59885 -1.0398 -0.38163 -0.73201 1
-0.64279 -0.64554 -0.76747 -0.24869 1
-0.45459 -0.4229 0.42688 -0.25388 1
-0.4017 0.20114 -0.19154 0.31358 1
-0.19138 0.23786 0.89807 0.22954 1
0.030857 0.2946 0.75628 0.2217 1
0.19702 -0.31885 0.063445 -0.41389 1
-0.34637 -0.62236 -0.90112 -0.33691 1
-0.16904 0.32771 0.72234 0.26903 1
0.22597 0.55137 -0.73669 0.40706 1
0.28546 0.036258 -0.8092 -0.01738 1
-0.45484 -0.038927 0.24297 0.079236 1
0.12755 0.18956 -0.63173 0.18145 1
0.25968 -0.38869 -0.021599 -0.42481 1
-0.076078 -0.52009 -0.61067 -0.47023 1
-0.42662 -1.0788 -0.60037 -0.78622 1
0.69882 1.3178 0.7817 0.9077 1
0.81552 0.95594 0.87152 0.55705 1
-0.26435 0.24249 0.11632 0.34179 1
-0.11662 0.46767 0.43185 0.45962 1
0.31046 0.76018 0.85145 0.5515 1
0.39885 -0.048861 -0.43916 -0.13724 1
-0.22968 -0.70327 -0.87788 -0.47765 1
-0.044944 0.58146 -0.024228 0.5387 1
-0.42636 -0.50117 -0.91531 -0.24683 1
0.89082 1.1154 0.25842 0.70007 1
0.37606 0.35105 0.6964 0.15106 1
-0.23481 -0.823 0.25448 -0.6755 1
0.57254 1.2222 0.1524 0.95732 1
-0.44284 -0.30545 0.23648 -0.2046 1
0.25038 0.48304 -0.42206 0.39145 1
0.81486 1.3553 0.59458 0.95891 1
-0.14538 0.26147 -0.17614 0.33785 1
-0.304 -0.67528 0.49262 -0.47471 1
-0.047918 0.38415 -0.63776 0.39836 1
-0.078458 -0.42522 0.42517 -0.48952 1
0.077868 0.74933 -0.28721 0.68014 1
-0.31349 0.023187 -0.15395 0.23739 1
-0.64505 -0.68121 -0.94119 -0.33196 1
-0.35384 -0.94307 0.2658 -0.76437 1
-0.68883 -1.1239 -0.30719 -0.77188 1
-0.32324 -0.90733 0.25289 -0.77602 1
-0.26183 -0.15838 0.91243 -0.1294 1
-0.87287 -0.68644 -0.40336 -0.26048 1
-0.12711 0.49501 0.88542 0.45245 1
-0.56338 -0.91116 -0.73706 -0.52764 1
0.51619 0.24079 0.13819 0.035214 1
0.01674 0.61741 -0.41922 0.59604 1
0.097246 0.36818 -0.38877 0.41537 1
0.24009 0.43488 1.0771 0.20483 1
-0.44207 -0.46619 0.44399 -0.33173 1
0.6357 0.92184 0.86757 0.67059 1
-0.12934 -0.03728 0.81489 0.077944 1
0.68346 0.7906 0.91023 0.5247 1
0.60271 0.73313 -0.22212 0.44269 1
-0.52694 -0.22014 0.042487 0.066039 1
0.18172 0.81256 -0.17949 0.73148 1
-0.51056 -0.97826 -0.76318 -0.65638 1
0.36748 0.65055 0.91181 0.37661 1
-0.67075 -1.1846 -0.95391 -0.79815 1
0.60215 0.84472 0.15556 0.66215 1
0.87019 0.8058 0.35921 0.36659 1
-0.85371 -1.2279 -0.85385 -0.80133 1
-0.16525 -0.98089 0.085223 -0.79924 1
-0.66424 -1.2516 -0.65887 -0.91116 1
-0.74609 -1.2786 -0.38517 -0.82109 1
0.28857 0.7574 -0.77148 0.64179 1
0.1804 -0.514 0.24985 -0.53462 1
0.22702 0.41631 -0.71667 0.36038 1
0.4889 0.75657 1.11 0.433 1
0.37771 -0.074278 -0.54759 -0.10537 1
0.364 0.080073 0.61909 -0.087082 1
0.017243 -0.51454 -0.51589 -0.41885 1
0.23111 0.72199 -0.38458 0.64845 1
-0.47262 -1.0066 -0.29625 -0.76608 1
0.53699 0.94995 0.88603 0.59385 1
0.57095 1.0752 0.71516 0.76113 1
0.40467 -0.088651 0.30441 -0.2195 1
-0.21323 -0.13018 0.6101 -0.13357 1
0.523 0.74533 0.7311 0.41002 1
-0.82744 -0.99782 -0.13778 -0.49972 1
0.25818 -0.19043 -0.81254 -0.11707 1
-0.23766 0.11982 0.74705 0.17976 1
-0.42787 -0.49745 0.31714 -0.45293 1
-0.18706 0.37356 0.57469 0.41299 1
-0.72485 -0.95912 -0.62694 -0.66215 1
0.78468 0.99792 0.71749 0.55862 1
-0.038865 0.88297 -0.041812 0.83218 1
-0.53465 -0.3844 0.27871 -0.256 1
-0.62955 -0.98826 -0.19234 -0.71632 1
0.69741 0.99934 0.96771 0.57222 1
-0.68308 -0.18887 -0.16305 -0.031825 1
0.82245 1.1505 0.65451 0.78093 1
-0.27577 -0.25901 -0.9538 -0.1415 1
0.047701 0.73425 0.65504 0.56498 1
0.39544 1.0824 -0.12701 0.8821 1
-0.56652 -1.1834 -0.38791 -0.95816 1
-0.10451 -0.64448 -0.76649 -0.4809 1
0.55885 0.9484 0.82112 0.66334 1
-0.36094 -0.85224 0.078777 -0.64844 1
-0.31714 0.4026 -0.33404 0.4685 1
0.095935 -0.53803 -0.67342 -0.48173 1
0.45633 0.81624 -0.29212 0.62054 1
-0.49034 -0.67115 -1.1052 -0.33656 1
0.15989 0.22944 -0.69239 0.28394 1
-0.57699 -1.4109 -0.16166 -1.0571 1
0.83805 1.4038 0.57299 0.93575 1
-0.12467 0.67303 -0.03948 0.65947 1
-0.3432 -0.97254 -0.58266 -0.7754 1
0.5644 0.8786 0.685 0.53134 1
0.4044 0.48041 -0.79326 0.28788 1
-0.53927 -0.22675 -0.60052 0.074364 1
0.24724 0.39545 -0.69281 0.32693 1
-0.39888 -1.285 -0.76699 -0.9754 1
-0.11271 0.30671 0.52939 0.29906 1
-0.17592 -0.18027 0.70786 -0.11802 1
0.030057 0.51277 -0.45985 0.51151 1
-0.14157 -0.93942 -0.30466 -0.80405 1
0.57876 0.52138 0.35026 0.20724 1
0.53662 0.94391 0.86553 0.64343 1
0.47199 0.21421 0.13687 -0.018757 1
0.76049 1.4206 0.56155 0.99624 1
0.081589 0.54296 1.0269 0.37411 1
-0.26239 0.30213 0.49644 0.32172 1
-0.66624 -0.56733 -0.71936 -0.24018 1
-0.60786 -0.67084 -0.60998 -0.3321 1
-0.29517 0.48425 0.1071 0.48887 1
-0.18569 -0.80254 -0.89905 -0.65974 1
0.08538 0.33747 -0.48614 0.33209 1
-0.4074 -0.29765 -0.66552 -0.054558 1
-0.46874 -0.55091 -0.99839 -0.3177 1
-0.28752 -1.1332 -0.87836 -0.86571 1
0.527 0.94937 0.78103 0.64507 1
-0.38934 0.0092728 0.50235 0.13643 1
0.10521 0.089668 0.815 0.040995 1
-0.74221 -1.5734 -0.39041 -1.1267 1
0.72952 0.51414 -0.036278 0.26073 1
-0.25904 0.0064994 0.78305 -0.0093523 1
-0.084794 0.063762 0.81415 -0.003088 1
0.61169 1.5324 0.038137 1.0508 1
-0.4923 -0.16825 -0.057148 0.029646 1
0.24445 0.41439 0.7293 0.26671 1
0.57985 0.87799 0.94243 0.53755 1
-0.63525 -0.30207 -0.48772 -0.059025 1
0.34143 0.82395 0.61524 0.66676 1
0.67606 1.0131 0.9574 0.61064 1
0.045549 0.14682 -0.80764 0.14636 1
0.016194 -0.5113 -0.71207 -0.30553 1
0.70362 0.99725 0.71136 0.50055 1
-0.76186 -1.0047 -0.74601 -0.65775 1
0.046783 0.58951 0.73521 0.45518 1
0.75012 1.1518 0.084134 0.78074 1
0.62555 0.40768 0.11636 0.15548 1
-0.44218 -0.024989 -0.33655 0.1191 1
-0.37703 -0.28698 0.71205 -0.23131 1
0.73292 1.0924 0.54834 0.71737 1
-0.35157 -1.068 -0.98032 -0.80231 1
-0.28511 -0.31124 0.70578 -0.24985 1
-0.43491 -1.0879 -0.58281 -0.95526 1
-0.59513 -0.66112 -0.64556 -0.34379 1
0.21311 1.1319 -0.32434 0.85406 1
-0.58518 -0.43726 0.075381 -0.1481 1
0.067816 0.59256 -0.4563 0.53583 1
0.36705 0.84111 -0.24314 0.73361 1
0.17063 -0.19927 0.62145 -0.27604 1
0.51816 1.1043 0.84013 0.81424 1
-0.56232 -0.64772 0.52294 -0.42261 1
0.12985 0.75918 0.41642 0.69836 1
-0.46134 -0.20032 0.021022 -0.0030543 1
-0.60924 -0.87834 -0.83537 -0.59116 1
-0.10044 0.18952 0.56678 0.12698 1
-0.73406 -0.81578 -0.32116 -0.44654 1
-0.75029 -1.1359 -0.9994 -0.731 1
0.21837 -0.42995 -0.043126 -0.39956 1
0.77492 1.0209 0.67156 0.68993 1
-0.36004 -0.42893 -1.059 -0.2033 1
-0.31604 0.24264 0.6006 0.24622 1
0.1071 0.57823 -0.70169 0.60642 1
-0.29691 -1.0525 -0.54162 -0.80996 1
-0.31999 -0.22249 0.67531 -0.086768 1
-0.34818 0.21096 0.35999 0.3352 1
-0.068712 -0.70883 0.22085 -0.65857 1
0.0086832 -0.41008 0.17016 -0.48796 1
0.68467 1.4684 0.30226 1.0752 1
0.096811 0.68587 -0.42841 0.63054 1
0.56711 0.23668 0.33032 -0.0077291 1
0.094352 0.52987 -0.53771 0.35146 1
0.45845 0.57867 -0.12572 0.38084 1
0.70891 0.84423 0.71859 0.409 1
0.12971 -0.32146 -0.61496 -0.28574 1
0.12761 0.11243 -0.83791 0.01057 1
0.2982 -0.47993 -0.19793 -0.4492 1
0.60877 0.49505 0.06925 0.22341 1
-0.48176 -1.1369 -0.13439 -0.83087 1
-0.64832 -0.54965 -0.77929 -0.23319 1
0.37056 0.90106 -0.57956 0.70952 1
-0.1731 -0.091933 0.59688 -0.076227 1
0.69465 0.74889 0.73183 0.37561 1
-0.48882 -0.090075 -0.35279 0.077745 1
-0.47142 -0.063044 -0.26033 0.11606 1
-0.28977 -0.46979 0.5326 -0.46279 1
0.60581 1.3369 1.0239 0.8828 1
-0.004746 -0.64413 -0.15676 -0.5764 1
0.0943 0.50101 0.95591 0.34834 1
0.20984 0.67247 -0.3056 0.58491 1
-0.058736 0.76077 0.47024 0.63552 1
-0.60993 -0.90602 -0.36299 -0.65257 1
-0.46629 -0.89617 -1.0951 -0.61235 1
-0.46074 -1.1021 -0.55029 -0.76421 1
0.58404 0.84415 -0.16844 0.58568 1
-0.66111 -0.93459 -0.3046 -0.58028 1
-0.033681 0.39376 0.84422 0.29964 1
0.68564 0.93972 0.87499 0.59601 1
0.53309 0.36918 0.84166 0.07246 1
0.88572 1.3617 0.72059 0.85093 1
0.057948 -0.57241 -0.52678 -0.54384 1
0.34684 0.75891 0.88318 0.59281 1
0.7119 0.82946 0.1615 0.38865 1
0.84603 1.1743 0.44741 0.72472 1
-0.35774 -0.86286 0.49331 -0.66273 1
-0.7067 -1.2635 -0.65533 -0.8159 1
-0.0072746 0.18034 -0.55211 0.23201 1
0.0080868 0.43939 -0.33866 0.48835 1
-0.70279 -1.4735 -0.32296 -1.07 1
0.31382 -0.32657 -0.28712 -0.36616 1
-0.44742 -0.76033 -0.91138 -0.53166 1
-0.020113 -0.40464 -0.93782 -0.37814 1
0.30781 0.70776 0.24801 0.60538 1
0.44204 0.14162 -0.023119 -0.086177 1
0.28633 0.64316 1.0201 0.38658 1
0.64305 0.64891 1.054 0.3296 1
-0.10978 0.49523 0.54716 0.49489 1
-0.51698 -1.1861 0.42172 -0.88869 1
0.50872 1.1102 0.85681 0.80962 1
-0.093889 -0.13867 0.93663 -0.097052 1
0.17882 0.8423 0.92451 0.59744 1
-0.83534 -0.89294 -0.4784 -0.47293 1
-0.51246 -1.0235 0.18285 -0.77614 1
0.71598 0.78877 0.85782 0.46867 1
0.074183 -0.27037 0.62204 -0.28163 1
-0.18786 -0.080716 0.91807 0.00877 1
-0.002606 0.42186 -0.38238 0.48669 1
-0.15086 -1.0156 -0.28475 -0.87132 1
0.34304 0.20945 -0.5301 0.17144 1
-0.41772 -0.21048 -0.5613 0.061122 1
0.35391 0.91292 0.16408 0.7587 1
-0.66671 -0.79701 -0.86665 -0.48086 1
0.28559 0.28251 1.0718 0.090763 1
-0.48481 -0.17792 -0.50289 0.12124 1
0.42287 1.1686 0.53793 0.91086 1
-0.48616 -0.75204 -1.0021 -0.47189 1
0.17318 0.028281 -0.73287 0.052135 1
-0.53909 -0.33329 -0.60991 -0.031072 1
-0.48253 -1.1837 -0.14691 -0.91785 1
-0.4397 -0.86469 0.090867 -0.69587 1
-0.41839 -0.84442 -1.0281 -0.56247 1
0.24124 0.29125 0.84331 0.071312 1
-0.27635 0.36007 0.26957 0.37263 1
-0.08607 -0.81555 -0.53165 -0.68741 1
-0.61049 -1.2414 -0.79452 -0.86164 1
-0.71096 -1.1002 -0.96812 -0.67187 1
0.61882 1.2039 0.78762 0.90742 1
-0.51969 -0.074797 -0.53553 0.16753 1
0.10552 -0.090486 -0.82795 -0.047264 1
0.0090221 0.7325 0.81464 0.56182 1
-0.68435 -1.3106 -1.0368 -0.94411 1
0.20373 0.82537 -0.24827 0.67535 1
-0.35872 0.0965 -0.20252 0.24851 1
0.57639 1.3819 0.47411 0.97457 1
0.42638 1.0322 0.81918 0.67668 1
0.60935 1.1241 0.8335 0.80966 1
-0.25228 -0.81878 -0.23861 -0.67822 1
0.67291 0.91779 0.33807 0.68548 1
0.49305 1.0545 0.24207 0.8194 1
-0.33221 -0.056898 0.38071 0.035334 1
-0.47567 -0.54232 -0.49533 -0.31879 1
0.20761 0.69426 -0.46311 0.54535 1
-0.62371 -0.49471 -0.11155 -0.24979 1
0.25503 0.80244 -0.21315 0.69489 1
-0.45755 -1.1498 -0.56059 -0.88642 1
0.0073507 -0.27574 -0.77609 -0.20532 1
0.71407 1.1762 0.905 0.74206 1
-0.050245 -0.48951 0.36638 -0.47457 1
-0.4228 -1.1413 -0.31064 -0.88413 1
-0.58758 -0.79891 -0.77103 -0.39869 1
0.22669 1.0193 -0.086068 0.89288 1
0.86282 1.0575 1.0151 0.62765 1
-0.63957 -1.2417 -0.12846 -0.87791 1
0.62997 1.1281 0.70697 0.83534 1
-0.35381 -0.82597 -0.32899 -0.67076 1
-0.31003 -0.49314 -1.2029 -0.3154 1
-0.58763 -1.1326 -1.034 -0.68595 1
-0.32957 0.32667 0.5765 0.28822 1
0.24148 0.094465 -0.80403 0.083272 1
-0.37232 -0.055583 0.082252 0.15424 1
0.15776 -0.12142 0.70501 -0.17719 1
0.45155 1.0382 -0.057735 0.82708 1
0.15126 0.061754 0.67016 -0.14329 1
0.67742 1.0035 0.33506 0.75784 1
0.21377 -0.33003 0.23614 -0.39893 1
0.12446 0.45056 -0.45764 0.42052 1
0.38911 0.97134 0.84934 0.64024 1
0.12841 -0.0099494 0.8168 -0.17852 1
0.16107 0.76587 0.42996 0.66528 1
0.0071666 -0.20348 0.70274 -0.25096 1
0.47898 1.1258 0.49631 0.85203 1
0.16088 0.83979 0.63406 0.68787 1
0.28871 0.51504 -0.68821 0.39901 1
0.079392 0.089071 -0.61431 0.22041 1
-0.92386 -1.3097 -0.74983 -0.77884 1
-0.48423 -1.0103 -0.18977 -0.71929 1
0.47405 0.31929 0.72934 0.0076982 1
0.17817 -0.50033 -0.10456 -0.58163 1
-0.28113 0.28603 -0.58924 0.34016 1
-0.40766 -0.23362 0.55428 -0.065653 1
0.012283 0.27761 0.72917 0.20269 1
0.083308 0.19174 -0.78662 0.23807 1
-0.58827 -0.42123 -0.23028 -0.13687 1
-0.50269 -1.1848 -0.46002 -0.89556 1
0.45826 -0.10073 0.48348 -0.2132 1
0.38688 -0.22935 -0.28775 -0.28843 1
0.82693 1.1666 0.3172 0.73823 1
-0.027368 0.26612 -0.49363 0.34369 1
0.66569 1.089 0.44328 0.7324 1
0.11861 0.17096 1.04 0.050581 1
-0.23191 -0.91546 -0.82856 -0.59857 1
-0.22131 -0.80369 -0.36249 -0.75979 1
0.024753 0.53705 0.60154 0.52467 1
-0.23768 -0.59866 -0.93381 -0.46855 1
0.38309 0.81036 -0.5279 0.59511 1
0.69679 1.1707 0.72843 0.75689 1
-0.1966 -0.35037 -0.85704 -0.1575 1
0.24699 -0.39394 0.28232 -0.49423 1
-0.36753 0.16836 -0.14327 0.25548 1
-0.11024 -0.16818 0.91565 -0.19374 1
-0.045526 0.36292 0.70385 0.37355 1
0.5611 0.73531 0.68618 0.39679 1
0.41831 -0.32863 -0.51516 -0.34838 1
-0.019014 0.28798 0.76078 0.22032 1
0.64224 0.50736 -0.20598 0.23519 1
-0.29404 -0.54978 -0.66847 -0.37974 1
-0.45122 -1.2478 -0.50063 -0.96267 1
0.17552 -0.28474 -0.99225 -0.15251 1
0.16792 -0.32047 -0.53155 -0.35869 1
-0.57763 -1.0995 -0.35297 -0.86302 1
0.43642 1.2175 0.12638 0.94523 1
-0.40831 -0.33946 -0.90226 -0.17057 1
0.89189 1.1078 0.83928 0.64733 1
0.39833 0.3631 -0.51428 0.17647 1
0.050664 -0.54733 0.34903 -0.61633 1
0.29526 -0.22828 -0.17299 -0.33453 1
-0.39798 -0.92034 0.15151 -0.76903 1
0.19761 0.82965 -0.11063 0.73689 1
-0.60636 -0.37387 0.36737 -0.10069 1
0.018221 -0.8807 -0.29386 -0.79615 1
-0.52637 -0.91229 -0.88794 -0.56264 1
-0.6046 -0.67553 -0.8875 -0.37655 1
-0.35703 0.025036 -0.22793 0.19039 1
-0.61953 -0.93828 -0.67745 -0.67067 1
0.65891 0.71386 1.0085 0.43632 1
-0.3225 0.03992 0.49006 0.13077 1
0.61196 1.1719 0.19699 0.87045 1
0.60714 0.90448 0.060637 0.62093 1
-0.73338 -0.84643 -0.41122 -0.49111 1
0.14392 -0.2461 -0.72661 -0.20646 1
-0.24166 0.54524 -0.031973 0.59303 1
0.0068151 -0.26084 -0.94719 -0.14622 1
-0.34724 -0.80094 0.056513 -0.57352 1
0.60878 1.2345 0.83793 0.85546 1
0.17094 0.63094 -0.18605 0.6188 1
0.56402 0.53634 0.031364 0.28988 1
-0.29137 -0.55721 -0.97527 -0.31797 1
-0.0038927 0.10021 -0.70272 0.15188 1
-0.038545 -0.68691 -0.53421 -0.55821 1
-0.57721 -1.0661 -0.134 -0.75924 1
0.39882 0.63144 -0.16213 0.46131 1
-0.44394 -1.3317 -1.0585 -0.95268 1
-0.28092 -0.89972 -0.61507 -0.67816 1
0.16135 0.14909 -0.57208 0.11016 1
-0.056034 -0.68005 -0.29291 -0.62009 1
0.3021 1.1546 0.057115 0.91889 1
0.33843 0.77241 -0.52342 0.60022 1
0.51308 0.24977 -0.00093461 0.064119 1
0.26325 0.11585 0.77244 -0.023278 1
0.14487 -0.34623 -1.0135 -0.26379 1
-0.051748 0.64399 -0.17746 0.61098 1
0.35485 1.0043 -0.20121 0.76452 1
0.4648 0.98697 0.11844 0.79148 1
-0.58107 -0.57749 0.13116 -0.15184 1
0.17468 -0.36951 0.060529 -0.43631 1
0.51887 0.49304 0.48211 0.27544 1
-0.67381 -1.227 -0.71011 -0.8895 1
0.63825 0.60964 0.29212 0.41365 1
-0.0015343 0.27528 0.96988 0.13159 1
0.32649 0.28103 -0.52022 0.11294 1
-0.33467 -0.73464 0.36016 -0.57057 1
-0.014263 0.31597 0.091616 0.42958 1
0.18329 0.19998 -0.80773 0.1701 1
-0.42575 -0.66859 0.13631 -0.50879 1
0.31343 -0.039901 -0.77865 -0.13552 1
-0.026209 -0.65238 0.29719 -0.62506 1
0.46693 0.0067888 0.34182 -0.07927 1
-0.30907 -1.0033 0.16658 -0.84684 1
-0.28986 0.39831 -0.031746 0.4314 1
0.14207 -0.73698 0.32887 -0.66196 1
0.24336 -0.14598 0.40971 -0.29356 1
-0.22515 -0.51069 -1.0804 -0.27329 1
-0.41741 -0.25737 -0.87682 -0.033506 1
0.016729 0.52543 0.79612 0.53556 1
-0.10075 -0.15433 0.51979 -0.13522 1
-0.017283 0.24586 1.0518 0.11773 1
0.65241 0.38121 -0.1423 0.16316 1
-0.52562 -0.80025 -0.89111 -0.46399 1
-0.13894 0.40717 0.19087 0.44323 1
-0.49004 -0.60085 0.47126 -0.47948 1
-0.41503 -1.086 -0.86974 -0.72352 1
-0.023496 0.19098 -0.71043 0.11537 1
-0.5001 -0.66585 0.47329 -0.45684 1
0.30322 0.9421 -0.16668 0.79357 1
-0.76374 -1.0824 -0.26276 -0.63894 1
0.4248 0.048711 0.72925 -0.18821 1
-0.48588 -0.28988 0.33032 -0.094894 1
0.070935 -0.28739 -0.8772 -0.20492 1
0.62261 0.97031 0.067891 0.70925 1
-0.3768 0.056124 0.67548 0.1104 1
-0.19758 0.10987 0.8424 0.040745 1
0.17043 -0.51043 -0.47834 -0.42833 1
-0.35596 -0.21609 0.425 -0.21149 1
-0.44555 -0.22392 0.47835 -0.13439 1
0.1643 0.44319 0.7715 0.36773 1
-0.70643 -0.84161 -0.60464 -0.50358 1
-0.29339 -0.61361 0.3072 -0.50122 1
0.60412 1.0011 0.79795 0.71505 1
0.45729 0.9162 0.9662 0.65167 1
0.27838 0.67653 -0.12607 0.54605 1
-0.28567 -0.34825 0.54297 -0.31946 1
-0.64154 -0.58731 0.26568 -0.41022 1
0.18471 0.3271 -0.68335 0.25967 1
-0.39558 -0.99405 -0.24576 -0.81502 1
-0.54177 -0.97438 -0.44298 -0.59969 1
-0.088038 0.47928 -0.16863 0.53892 1
-0.2614 0.28503 -0.11019 0.36816 1
-0.035267 -0.66767 0.43591 -0.60785 1
0.15175 0.71019 -0.69596 0.61357 1
-0.12591 -0.48058 0.56361 -0.48352 1
0.64052 0.77056 0.67707 0.45188 1
-0.53163 -0.27049 0.45895 -0.17843 1
0.027448 -0.69631 -0.080492 -0.65876 1
-0.37327 -0.51354 0.38194 -0.39546 1
0.26625 -0.40082 0.26025 -0.44858 1
0.36462 -0.12103 0.14829 -0.28608 1
0.76016 0.92034 0.081517 0.64007 1
0.48292 0.63826 -0.25104 0.53755 1
0.52064 0.29428 0.50173 0.081328 1
0.6254 0.98238 -0.072011 0.71536 1
0.26624 -0.18816 -0.46544 -0.18728 1
0.6844 0.74376 0.62736 0.39715 1
-0.045865 0.29273 0.86909 0.24336 1
-0.10467 0.51168 -0.30585 0.51312 1
0.079615 -0.23805 -0.83215 -0.1561 1
-0.045081 0.48054 0.27615 0.48101 1
0.52562 0.21107 0.10154 -0.011525 1
0.33664 0.91598 0.9601 0.68962 1
0.65182 0.9192 0.93151 0.54336 1
-0.68951 -1.058 -0.58904 -0.71745 1
-0.63314 -0.38788 0.36948 -0.13318 1
-0.1592 0.083951 0.65083 0.06431 1
0.056938 0.20382 0.78586 0.11771 1
-0.5804 -0.951 -0.85849 -0.5901 1
-0.29282 0.28257 0.17254 0.28401 1
0.37611 0.92607 -0.11603 0.7456 1
0.24034 -0.10179 -0.8642 -0.067584 1
-0.61042 -0.79634 -0.061936 -0.59167 1
-0.51218 -1.1526 -0.98315 -0.8299 1
-0.0024406 -0.68327 -0.16003 -0.65779 1
-0.45855 -0.66627 0.17251 -0.47261 1
0.52508 1.0691 0.2846 0.8392 1
-0.5144 -0.063118 -0.022042 0.17523 1
-0.48389 -0.82063 0.20403 -0.65318 1
0.51408 0.38463 0.17739 0.24148 1
-0.18586 -0.66407 0.33904 -0.60859 1
-0.34052 0.26739 0.41259 0.21425 1
0.15934 0.79663 -0.27225 0.62681 1
0.24183 -0.56437 -0.36461 -0.43245 1
0.041908 -0.54843 -0.44261 -0.50757 1
-0.41984 -1.2065 -0.41603 -0.98389 1
0.25928 -0.64279 -0.083044 -0.55893 1
0.68451 0.8391 0.66933 0.55565 1
0.26531 0.95088 -0.45799 0.74721 1
0.66021 0.58158 0.50124 0.30993 1
-0.38936 -0.10488 0.10243 0.11543 1
-0.20062 -0.31271 -0.85475 -0.24674 1
0.45559 1.0529 0.011067 0.81563 1
-0.35579 0.10309 -0.48338 0.26147 1
0.083568 -0.5806 -0.015681 -0.57347 1
-0.35033 0.18145 -0.20591 0.24748 1
0.61846 1.4736 0.51317 1.0114 1
0.062689 0.44126 -0.54273 0.42396 1
-0.7031 -0.5957 -0.58835 -0.14959 1
-0.63196 -1.1432 -0.90127 -0.80389 1
-0.27742 -0.63597 0.74232 -0.49743 1
-0.22264 -0.044941 -0.6636 0.18403 1
-0.33292 0.22982 -0.099372 0.33582 1
0.6343 1.2112 0.31088 0.86667 1
0.31413 -0.68752 0.17671 -0.60897 1
-0.13413 -0.70888 -0.81228 -0.56933 1
0.48079 1.2615 0.99621 0.82439 1
-0.42797 -0.037695 0.056032 0.12918 1
-0.70886 -0.36863 -0.15094 -0.072278 1
-0.00020671 -0.6052 -0.86015 -0.47573 1
-0.29411 0.010076 0.86962 0.030395 1
0.80706 0.87958 0.097147 0.59571 1
-0.052587 0.70504 -0.10406 0.66088 1
-0.42449 -0.47332 -0.95413 -0.14249 1
0.1811 0.57009 -0.50134 0.49259 1
0.39671 -0.29033 -0.33345 -0.35952 1
0.65428 1.571 0.22744 1.1352 1
0.3361 0.59742 -0.29419 0.52604 1
-0.22456 -0.58418 0.26938 -0.54431 1
0.29197 0.70602 0.91676 0.50577 1
0.209 -0.36984 0.15559 -0.40281 1
-0.61004 -0.69462 -0.58001 -0.35393 1
-0.018149 0.31886 0.66713 0.25494 1
-0.54007 -0.24548 -0.30891 -0.070839 1
0.50609 0.74551 -0.51322 0.511 1
0.062651 0.70144 0.79711 0.55159 1
-0.38918 -0.79517 -0.85685 -0.50141 1
-0.74723 -1.4877 -0.88386 -0.99975 1
0.09856 0.032054 0.75452 -0.045908 1
-0.53765 -0.15723 -0.042868 0.035037 1
0.0027549 -0.7084 -0.3772 -0.65463 1
0.34966 -0.05402 0.23507 -0.25047 1
-0.23638 0.24785 -0.31975 0.35034 1
-0.012177 0.061866 -0.81889 0.13465 1
0.28063 0.53185 -0.51772 0.3339 1
0.18708 0.86181 -0.3105 0.667 1
0.42691 1.2525 0.41409 0.99659 1
0.35805 0.87525 -0.18993 0.69372 1
0.45466 0.86652 0.66337 0.66448 1
0.57506 1.1762 0.18989 0.93184 1
-0.23681 0.19803 0.66203 0.21268 1
0.66413 0.20501 0.41741 -0.0015202 1
-0.09495 0.47668 -0.23423 0.4531 1
0.76766 1.3978 0.12312 1.0408 1
-0.43694 -0.34255 -0.77579 -0.16255 1
0.41363 -0.089119 0.16179 -0.23004 1
-0.4401 -0.11687 0.66701 -0.05159 1
0.13868 0.84221 0.88558 0.62154 1
-0.60662 -1.157 -0.83032 -0.85175 1
-0.07098 -0.0008942 0.71894 0.039661 1
-0.21208 0.54076 0.47273 0.49613 1
0.41004 -0.2727 -0.084716 -0.38102 1
-0.75841 -0.84721 -0.21049 -0.50204 1
0.65053 1.575 0.77171 1.0807 1
0.58711 0.31185 0.48127 0.055849 1
0.24312 0.76724 0.39029 0.67311 1
-0.28978 -0.34719 -0.70882 -0.098268 1
0.64752 0.49879 0.10099 0.19122 1
0.37987 1.1351 -0.039058 0.83525 1
-0.38192 -0.46674 -0.78999 -0.17695 1
0.59729 0.66218 0.7033 0.33992 1
0.14957 0.3254 0.83398 0.29546 1
-0.46928 -0.81322 -0.96728 -0.53064 1
0.1086 0.30856 0.84751 0.24934 1
-0.38402 -1.0223 -1.1293 -0.7663 1
-0.41078 -0.65724 -0.67331 -0.42754 1
0.76001 1.0619 0.36353 0.62458 1
-0.71868 -0.85113 -0.49311 -0.49177 1
-0.5142 -0.15114 -0.46104 0.073885 1
-0.18931 0.52419 -0.12734 0.50514 1
-0.24123 -0.9305 0.31133 -0.78286 1
-0.16054 0.52032 0.27935 0.50578 1
0.7467 1.0367 0.95733 0.64071 1
-0.29378 -0.0041965 -0.69143 0.15932 1
-0.40465 -0.15181 0.40614 -0.051498 1
0.61018 1.3952 0.39921 1.0071 1
0.021042 0.7697 -0.2483 0.71867 1
-0.3665 -0.71639 0.56639 -0.51814 1
-0.7225 -0.98244 -1.0452 -0.6812 1
-0.052285 -0.85131 -0.057455 -0.80628 1
-0.47648 -0.11821 0.13551 0.078164 1
-0.63926 -0.79441 -0.097612 -0.45709 1
-0.12851 0.094711 -0.58881 0.23257 1
-0.55513 -1.1251 -0.53315 -0.8092 1
-0.37609 -1.0997 0.21994 -0.79224 1
-0.34006 -0.47777 0.71583 -0.44097 1
-0.37362 -0.75458 0.397 -0.6103 1
-0.34879 -0.77594 -0.36077 -0.66879 1
0.54422 1.2296 -0.12072 0.95955 1
0.53682 1.3785 0.65854 1.0223 1
0.32194 0.86232 -0.20579 0.69722 1
0.16416 0.46945 -0.74942 0.43563 1
-0.57184 -0.40135 -0.31599 -0.13584 1
-0.52212 -0.439 -0.83872 -0.15447 1
0.19358 -0.072441 -0.80876 -0.147 1
-0.66652 -0.95394 -1.1875 -0.60878 1
-0.51234 -0.49356 0.61547 -0.26796 1
0.68895 1.3226 0.56821 0.93351 1
0.69968 0.70098 0.85268 0.41822 1
-0.65873 -1.2569 -0.78766 -0.8365 1
0.58219 0.32082 0.32554 0.011035 1
0.51706 0.66251 -0.4254 0.45556 1
-0.12129 -0.70715 -0.57563 -0.61154 1
0.41577 1.2756 0.33289 1.0314 1
-0.15918 0.28475 0.74787 0.25517 1
0.77971 1.1474 0.7692 0.78369 1
-0.61994 -0.31536 0.061696 -0.11205 1
0.65874 0.51958 0.60555 0.074478 1
-0.24736 -0.77218 0.12964 -0.63791 1
0.51879 1.1901 0.76227 0.7962 1
-0.087047 -0.79145 0.065484 -0.73707 1
-0.58906 -0.57399 0.1212 -0.41297 1
-0.24707 0.13875 -0.39895 0.31409 1
0.10366 -0.20681 -0.57153 -0.20507 1
0.17858 -0.62976 -0.32962 -0.55093 1
-0.23259 0.61764 0.0078149 0.55963 1
-0.41809 -1.1 -0.5925 -0.83574 1
0.067189 -0.40202 -0.80795 -0.35244 1
0.63515 1.0056 0.45348 0.66341 1
0.16443 0.067843 -0.66418 0.14958 1
0.30168 0.32683 -0.67339 0.1586 1
-0.41261 -0.85171 0.31275 -0.72785 1
-0.7314 -1.4025 -0.83366 -0.98482 1
0.75678 1.1572 0.48467 0.81762 1
-0.099471 0.16002 0.66588 0.13724 1
0.20807 -0.05246 -0.50488 -0.19413 1
0.85136 1.0573 0.556 0.63134 1
-0.41462 -0.33968 0.46531 -0.11952 1
-0.41003 -0.04535 0.53119 0.046598 1
0.58449 0.52365 0.69347 0.15499 1
-0.64245 -1.0785 -0.36714 -0.75954 1
0.4612 -0.11777 0.12448 -0.24701 1
0.6696 1.1061 0.89673 0.74134 1
0.16662 0.72592 -0.2762 0.67389 1
-0.41461 -1.3027 -0.28598 -0.99961 1
-0.11358 -0.81384 -0.72613 -0.67592 1
-0.20772 -0.9247 -1.0944 -0.63892 1
-0.67361 -0.96859 -0.31196 -0.64792 1
-0.069939 -0.028691 -0.63789 0.041418 1
-0.66517 -1.2929 -0.98894 -0.83367 1
-0.16737 0.38993 -0.40738 0.47516 1
-0.10674 0.0058114 -0.80898 0.094932 1
0.50841 1.2754 0.37653 0.93403 1
-0.0097233 0.59963 -0.48037 0.59533 1
0.62702 0.47529 0.41309 0.22653 1
0.062388 0.12317 -0.60389 0.28743 1
-0.42374 -0.29052 -0.23054 -0.053077 1
0.46552 0.14269 0.28722 -0.047751 1
-0.38213 -0.1818 -0.33505 0.10477 1
-0.16784 -0.64193 0.47038 -0.55446 1
-0.35167 -0.1179 0.48042 -0.079361 1
-0.42936 -1.031 0.098903 -0.80076 1
0.73042 1.1061 0.6085 0.7791 1
0.019808 0.47888 0.78492 0.40345 1
-0.25624 0.095089 0.4692 0.097482 1
0.25984 -0.10486 0.60379 -0.23671 1
0.43012 1.007 0.69117 0.73377 1
0.65671 0.88921 0.66734 0.62697 1
-0.77235 -1.0508 -0.61166 -0.63502 1
-0.23298 0.58155 0.22556 0.52244 1
-0.50399 -0.56732 0.40201 -0.42202 1
0.22713 0.73954 0.53577 0.59966 1
0.20718 0.52282 -0.72583 0.42702 1
-0.45695 -0.26134 -0.61486 -0.054756 1
0.60217 0.80931 -0.14529 0.6327 1
-0.65632 -0.49967 -0.46496 -0.14584 1
0.051843 0.46739 0.92026 0.39563 1
-0.3883 0.023007 -0.3294 0.25721 1
0.64918 0.90302 0.80303 0.58877 1
-0.72353 -0.84393 -0.79904 -0.48084 1
0.8438 1.159 0.73115 0.72801 1
-0.74524 -1.1351 -0.13028 -0.83839 1
0.37212 0.74334 -0.11953 0.57465 1
0.63659 0.57567 0.93335 0.18008 1
0.62703 1.0131 0.44295 0.66897 1
0.33643 -0.20822 0.0087872 -0.33534 1
-0.6021 -1.2521 -0.94893 -0.91768 1
0.61168 1.4076 0.36441 0.99712 1
0.04884 -0.51542 0.62543 -0.48846 1
0.19316 0.95727 -0.42401 0.76098 1
-0.16683 0.22615 0.61615 0.2276 1
0.52431 0.20997 0.34072 -0.012679 1
0.39708 0.082571 -0.051653 -0.12202 1
-0.028103 -0.40949 -0.84146 -0.31323 1
0.1346 -0.44681 -0.49881 -0.42442 1
-0.71523 -1.1643 -0.57168 -0.76628 1
-0.58878 -0.79434 -0.8399 -0.45178 1
0.37826 0.93828 0.0787 0.79544 1
0.3733 0.67838 0.027817 0.55872 1
0.30046 -0.070681 -0.093651 -0.22122 1
0.32479 0.80446 -0.48055 0.61066 1
0.16746 -0.39006 0.32873 -0.41945 1
0.52409 0.013394 -0.0017223 -0.17427 1
0.41279 0.0070664 -0.25273 -0.10836 1
0.53849 0.36186 -0.19828 0.19688 1
-0.68263 -0.4468 -0.51201 -0.20735 1
-0.74848 -0.98269 -0.41776 -0.62575 1
0.53066 1.3503 0.72929 0.96798 1
-0.62308 -1.2395 -0.51569 -0.91152 1
0.51135 0.066096 -0.29286 -0.084733 1
0.58255 1.4354 0.63226 1.0551 1
-0.68025 -0.80669 -0.98672 -0.45625 1
-0.2693 0.25799 0.42482 0.33045 1
0.27163 1.0524 0.18345 0.87535 1
0.21727 -0.2111 0.59144 -0.39739 1
0.37506 0.12281 0.59965 -0.056325 1
-0.65383 -0.90557 -0.46515 -0.48696 1
-0.52651 -1.1116 0.11185 -0.78337 1
0.62551 0.43029 -0.23274 0.27096 1
-0.65213 -0.89651 -0.78759 -0.61508 1
-0.25926 -0.78978 0.39345 -0.6621 1
-0.083707 0.57235 0.17791 0.52848 1
-0.44852 -0.55525 0.55254 -0.4015 1
0.56182 0.5486 0.62808 0.237 1
-0.010719 -0.24281 -0.86748 -0.18343 1
0.71884 1.4623 0.71813 1.0773 1
-0.21247 -0.20644 -1.2 -0.091016 1
0.52315 0.17829 0.03171 0.013456 1
0.56637 0.76926 0.97296 0.52472 1
0.23445 0.19328 0.11816 0.19804 2
-0.26214 0.47185 0.49681 0.33162 2
0.02569 1.4408 0.69446 1.1423 2
0.069793 0.4523 0.27197 0.25245 2
0.66877 2.3441 1.156 1.7822 2
0.70674 1.567 0.45108 1.1307 2
-0.42804 0.36439 0.10369 0.32782 2
0.14866 1.9896 0.71153 1.4662 2
0.49699 0.29377 0.04002 0.28871 2
0.066561 1.7839 0.26827 1.2496 2
-0.30324 0.96156 0.23114 0.66774 2
0.29312 0.058945 0.48058 0.37003 2
0.080291 0.96716 0.79446 1.0233 2
-0.16749 0.91967 0.78398 0.96758 2
-0.13212 1.1594 0.34814 0.81658 2
0.1189 0.19151 0.31035 0.50089 2
0.10693 1.1374 0.14925 0.67305 2
0.75026 1.6651 0.80321 1.4247 2
0.49959 1.0297 0.23456 0.67896 2
0.55228 1.3395 0.28275 0.87945 2
0.30723 2.2507 0.97783 1.6722 2
0.66197 1.2409 0.10963 0.86041 2
0.65388 1.7806 0.29002 1.1152 2
-0.1152 1.5103 0.54104 1.1206 2
-0.16303 -0.80428 -0.14941 -0.38682 2
0.6131 0.77024 0.30793 0.60873 2
0.10044 -0.20356 0.24089 0.054538 2
0.93572 2.2543 0.73525 1.6197 2
0.27361 -0.070792 0.0045638 0.091274 2
0.79146 1.6873 0.21341 1.1698 2
0.55707 1.46 0.31538 0.86261 2
-0.20712 0.92993 0.85028 0.79144 2
0.54817 0.78785 0.27556 0.54657 2
0.2336 1.788 1.0069 1.5171 2
0.37521 0.26969 0.37818 0.47637 2
-0.51141 0.079599 0.44109 0.33727 2
0.97813 2.2974 0.69873 1.6237 2
0.70712 0.94207 0.53298 0.82178 2
0.61835 2.2364 0.81273 1.7053 2
-0.17712 1.0746 0.52103 0.84657 2
-0.0015856 0.24161 0.59742 0.49828 2
-0.44465 -0.72266 -0.025106 -0.3834 2
0.49249 2.6123 0.98044 1.8939 2
-0.27991 0.40218 0.6839 0.5956 2
0.047664 0.21521 0.75723 0.55607 2
-0.31374 0.73274 0.62684 0.79269 2
-0.37836 0.78113 0.54267 0.63186 2
-0.092586 1.1757 0.88217 1.0445 2
0.27963 0.44798 -0.094764 0.2949 2
-0.19409 0.075957 0.22021 0.12866 2
-0.46687 -0.052129 0.43872 0.072759 2
-0.4721 -0.53076 0.1667 -0.061318 2
0.40244 2.2694 0.88624 1.5159 2
0.44438 0.40009 -0.040504 0.32971 2
-0.60226 -0.24305 0.50052 0.029778 2
0.67631 1.9327 0.64287 1.3058 2
0.33029 1.9188 0.90284 1.6213 2
-0.32557 0.65138 0.43142 0.54229 2
-0.060094 -0.67341 -0.031351 -0.24826 2
-0.14427 0.031763 0.51348 0.43199 2
0.77206 1.2369 0.34122 0.88715 2
-0.21173 1.0584 0.91845 0.9759 2
0.89694 2.1239 0.60038 1.4673 2
-0.27251 0.877 0.9421 0.82831 2
-0.13259 0.17123 0.37162 0.39809 2
-0.1822 1.5176 0.61377 1.0849 2
-0.17566 -0.55721 0.12318 -0.23004 2
0.15303 1.9482 0.82657 1.5518 2
0.54962 2.0892 0.62878 1.3213 2
-0.25247 0.80026 0.52435 0.71186 2
-0.28554 0.52177 0.8174 0.67508 2
-0.20393 0.37606 0.6403 0.59655 2
-0.092324 0.27894 0.51028 0.55305 2
-0.032895 1.3947 0.80649 1.2281 2
0.38611 0.65429 0.74425 0.80817 2
-0.09602 -0.2018 0.12017 -0.077052 2
-0.46816 0.13473 0.53577 0.23566 2
0.10747 0.70289 0.96783 0.83912 2
0.88928 1.8997 0.43519 1.3644 2
-0.23694 1.0946 0.33979 0.75864 2
-0.17464 1.0748 0.29981 0.73697 2
-0.5173 0.21256 0.33281 0.21669 2
-0.32898 -0.53328 0.27319 -0.051025 2
0.44707 1.0516 0.3979 0.66169 2
0.72516 1.8701 0.93568 1.5412 2
-0.75453 -0.047042 0.19566 0.186 2
0.11419 1.3064 0.86437 1.263 2
0.60591 1.4807 0.8783 1.3744 2
-0.45948 0.27417 0.1968 0.2937 2
0.74413 1.6797 0.73629 1.416 2
0.87331 2.0515 0.64804 1.4714 2
0.29498 1.2627 0.8869 1.1933 2
0.82145 2.4557 0.61407 1.6707 2
-0.34723 0.28738 0.6427 0.53683 2
0.81021 1.0041 0.60785 0.87901 2
-0.065119 1.163 0.8255 1.0711 2
0.044081 -0.55745 0.18034 -0.23088 2
-0.45674 0.90029 0.60015 0.77142 2
-0.41339 0.22759 0.33742 0.35735 2
0.74948 2.7158 0.72024 1.7964 2
0.31345 2.2731 0.84901 1.6667 2
-0.36019 0.10476 0.61829 0.37842 2
0.47439 0.75594 0.71975 0.84931 2
0.43307 1.0988 0.31083 0.64621 2
-0.013963 -0.47079 0.32972 -0.10541 2
0.12894 1.2291 0.89326 1.0807 2
0.70753 2.0775 0.63194 1.4575 2
-0.5581 0.23747 0.37808 0.32567 2
-0.35455 0.087302 0.024737 0.051528 2
0.2022 1.9278 0.92711 1.3055 2
0.30962 1.2184 0.21996 0.69815 2
0.47933 1.7518 0.35257 1.1195 2
0.99159 2.4153 0.87136 1.7082 2
-0.47377 -0.11276 0.22127 0.047857 2
0.8018 2.4239 0.88758 1.7648 2
0.092761 -0.32089 0.22496 -0.06316 2
0.024561 1.4049 0.94494 1.0066 2
0.55614 1.5479 0.86031 1.362 2
-0.52526 -0.47916 0.20818 -0.14713 2
-0.37886 0.47279 0.52629 0.49509 2
0.46836 0.61542 0.26052 0.57191 2
0.091571 1.6484 0.77888 1.242 2
-0.15131 0.95775 0.77541 0.91062 2
0.5769 1.6127 0.93246 1.4232 2
-0.47596 -1.0082 0.22874 -0.4786 2
0.76169 2.256 1.0409 1.6872 2
-0.23341 0.03044 0.27835 0.40964 2
0.015524 0.49085 0.90223 0.74899 2
0.18719 -0.095384 0.40375 0.30522 2
0.57745 0.79003 0.52278 0.81643 2
-0.2162 -0.12529 -0.18206 -0.044617 2
0.20124 1.8932 0.81541 1.4167 2
0.45704 0.64776 0.59875 0.75576 2
0.24567 0.11209 0.30264 0.35622 2
0.74815 1.976 0.41877 1.2032 2
0.56583 1.2851 0.22128 0.78736 2
0.78588 2.513 0.76473 1.7339 2
0.87637 2.2453 0.6294 1.6641 2
-0.35344 -0.051807 -0.05743 -0.020744 2
0.27694 0.92367 0.60453 0.95299 2
-0.08002 -0.55548 0.0095735 -0.21147 2
-0.24123 -0.5264 0.0068787 -0.28745 2
-0.28062 -0.36641 -0.13147 -0.13216 2
0.88016 1.4445 0.64859 1.0318 2
0.80809 1.3837 0.54077 1.0859 2
-0.37096 0.36579 0.33128 0.40812 2
0.47158 1.1647 0.83708 1.0985 2
-0.13704 1.3936 0.51919 0.94064 2
-0.25407 0.27552 0.18409 0.18762 2
0.18072 2.0675 0.88472 1.5888 2
-0.52825 -0.42925 0.27104 0.0077345 2
-0.43093 -0.46742 0.028741 -0.19508 2
0.80165 2.4704 0.55048 1.7179 2
0.74922 2.0028 0.61422 1.359 2
0.3227 1.3528 0.16281 0.8482 2
0.51251 0.32412 0.149 0.2743 2
0.014223 0.3598 0.21252 0.22718 2
0.13076 -0.2849 0.14614 0.071728 2
-0.2024 -0.24849 0.437 0.14849 2
-0.30421 -0.25293 0.22381 0.21662 2
0.5584 1.6497 0.38987 1.0795 2
-0.32361 0.06796 0.38452 0.16658 2
0.90449 1.8387 0.80822 1.4061 2
0.88428 2.7956 0.84662 1.9224 2
0.76518 1.7469 0.082054 1.082 2
0.83939 2.4239 0.92635 1.7828 2
0.63352 1.4108 0.57412 1.266 2
-0.2844 1.0421 0.64344 0.74431 2
-0.1878 0.11944 0.54282 0.39477 2
0.86799 2.3588 0.70506 1.6151 2
0.5866 1.8061 0.44516 1.2975 2
-0.087565 1.4662 0.86008 1.2284 2
0.62563 2.4398 0.72718 1.6906 2
-0.33971 -0.085133 0.65777 0.32804 2
0.60509 2.3735 0.72311 1.7033 2
0.60955 1.5516 0.211 0.96754 2
-0.13599 0.79275 0.62425 0.80992 2
0.94917 2.2266 0.87118 1.6044 2
0.56716 1.0927 0.23671 0.93912 2
-0.17092 -0.68058 -0.1441 -0.24837 2
0.28675 1.3502 0.24799 0.79302 2
0.43155 0.21332 0.022202 0.20567 2
0.1994 1.7642 0.52917 1.2312 2
0.54953 0.96719 0.23438 0.72461 2
-0.3865 -0.61169 0.21569 -0.16345 2
-0.021944 0.37831 0.67985 0.59846 2
0.87815 1.7945 0.46206 1.159 2
0.92545 2.0455 0.56482 1.5011 2
0.15503 -0.16077 -0.018325 -0.029675 2
-0.64296 -0.58982 0.22553 -0.28534 2
-0.37935 0.8836 0.5294 0.69283 2
0.78511 2.0632 0.91195 1.6345 2
0.48929 1.6879 0.3351 1.0747 2
-0.29409 0.54778 0.61953 0.66921 2
-0.45058 -0.5808 0.23533 -0.19389 2
-0.077279 -0.49451 0.43545 -0.17466 2
-0.34983 0.33724 0.3944 0.25193 2
0.061607 0.62876 0.20706 0.35456 2
-0.4789 0.37923 0.17025 0.29398 2
0.13014 1.9527 0.62736 1.4317 2
0.32752 0.17934 0.072414 0.12834 2
-0.31536 -0.38819 0.11286 -0.030975 2
0.88902 1.7549 0.92125 1.4368 2
0.67355 1.4304 0.43585 0.99431 2
0.61297 1.5949 0.70374 1.3229 2
0.45043 1.9756 0.63233 1.266 2
0.51441 2.2088 0.85082 1.77 2
0.67703 2.4811 0.6784 1.6433 2
0.27548 -0.12199 0.24495 0.11129 2
0.50113 1.5231 0.73457 1.3011 2
0.13934 1.535 1.0165 1.2826 2
0.18478 0.070866 0.2839 0.28332 2
0.63297 2.5192 0.7319 1.7624 2
0.87941 2.2151 0.55092 1.5694 2
-0.58407 -0.24805 0.26037 0.07774 2
0.58462 2.1427 0.59656 1.3411 2
-0.28429 -0.43132 0.27708 -0.020611 2
-0.02194 2.022 0.77998 1.4465 2
0.053581 0.94902 0.9773 0.96662 2
0.74905 1.6962 0.53352 1.0909 2
-0.17581 0.55683 0.79959 0.71812 2
0.26549 0.81911 0.64162 0.91305 2
-0.010408 0.67672 0.84506 0.75048 2
0.0039954 -0.10659 0.1238 -0.031305 2
0.62571 2.0624 0.8829 1.647 2
0.81531 2.0034 0.60384 1.5054 2
-0.22895 1.0642 0.251 0.6753 2
-0.43189 0.39883 0.24447 0.27481 2
-0.046879 1.3619 0.94152 1.0918 2
0.17355 1.582 0.40686 0.97975 2
0.49773 2.2523 0.94913 1.707 2
0.56525 0.73757 0.4909 0.75589 2
0.61296 1.9475 0.32718 1.2567 2
-0.15181 -0.50785 0.22218 -0.11937 2
0.26421 0.21689 0.061267 0.18765 2
-0.50403 -0.082431 0.057013 -0.025092 2
-0.41168 0.54002 0.47687 0.70069 2
0.43606 1.1537 0.84332 1.1035 2
-0.48559 0.56558 0.55025 0.65916 2
-0.48271 -0.30979 0.26207 -0.0044798 2
0.11255 -0.45436 0.26639 -0.078151 2
0.34342 1.9908 0.59249 1.3427 2
0.45465 1.1078 0.25765 0.64566 2
0.4913 1.8668 0.29663 1.2294 2
0.20671 0.20611 -0.084435 0.12373 2
-0.29529 0.85248 0.70951 0.88419 2
0.92833 2.2732 0.88064 1.7082 2
-0.053452 1.4534 0.58367 1.0564 2
-0.21276 -0.49068 0.21039 -0.14021 2
-0.060925 0.49253 0.40139 0.3207 2
0.68556 1.6851 0.74754 1.4217 2
0.159 1.2166 0.66573 1.1522 2
0.46558 0.54399 0.47649 0.71781 2
-0.084883 0.79211 0.63637 0.93115 2
0.13719 1.6643 0.85971 1.3634 2
-0.29372 0.17048 0.1668 0.097447 2
0.55904 1.6016 0.25419 1.0624 2
-0.041434 -0.099989 0.074852 -0.024538 2
0.47866 2.159 0.92333 1.6174 2
0.47972 1.6342 0.29045 1.0617 2
0.5462 1.4051 0.21653 0.91362 2
0.59762 0.66458 0.27603 0.69628 2
0.16077 -0.18259 0.26764 0.10661 2
0.20588 2.1383 0.86286 1.5092 2
0.17005 0.15691 0.27335 0.12274 2
0.77551 1.2955 0.53893 1.1255 2
-0.25424 0.73847 0.78841 0.70286 2
-0.16023 -0.47503 0.43571 -0.029986 2
-0.37253 0.35026 0.69139 0.54291 2
0.65439 1.4419 0.42328 1.2539 2
0.34244 2.204 1.136 1.7236 2
0.44469 0.26494 0.1549 0.23836 2
0.13011 1.8989 0.65138 1.3558 2
0.52234 0.93761 0.71103 0.96232 2
0.049522 1.0021 0.3414 0.585 2
0.43423 1.1175 1.0273 1.1341 2
0.83979 2.4123 0.66528 1.663 2
-0.21744 0.48447 0.8056 0.64348 2
0.37074 2.4437 0.74266 1.7194 2
0.7675 1.8923 0.27582 1.2113 2
0.68009 1.0948 0.49299 0.77878 2
-0.10693 1.3361 0.49105 0.89216 2
-0.26988 -0.66582 0.12332 -0.28566 2
-0.51134 -0.87266 -0.081912 -0.31234 2
-0.15844 1.1423 0.40731 0.86152 2
-0.18931 0.76249 0.73341 0.80374 2
0.73589 2.4257 0.75045 1.7493 2
-0.13054 1.3979 0.39025 1.0026 2
-0.12419 -0.69769 -0.076747 -0.286 2
0.32321 2.0477 0.68549 1.5726 2
0.82127 1.8865 0.45956 1.2579 2
-0.44031 -0.42893 0.12154 -0.18367 2
0.66182 0.99358 0.65403 0.93444 2
-0.55769 -0.31882 0.50264 0.0084653 2
0.63923 0.46855 0.60819 0.51889 2
0.64843 1.4322 0.73175 1.2486 2
0.78373 1.8758 0.74581 1.4299 2
0.087918 2.0697 0.85513 1.5071 2
-0.55446 0.034551 0.20131 0.16211 2
-0.42686 0.072931 0.36209 0.036185 2
0.45169 0.59258 0.31935 0.53776 2
-0.23762 0.46644 0.74429 0.56932 2
-0.22305 1.3064 0.64623 1.1038 2
0.28575 0.99741 0.25141 0.6236 2
0.36501 1.7245 0.9255 1.3984 2
0.61318 0.49973 0.60967 0.61147 2
0.52627 0.54223 0.3261 0.48374 2
0.011165 1.3396 0.35644 0.81443 2
0.47896 1.9673 1.016 1.6012 2
0.080176 0.85789 0.21363 0.51638 2
0.12358 0.85793 0.74086 0.96766 2
0.33456 0.51522 0.014841 0.30051 2
-0.23987 0.43766 0.63868 0.57025 2
0.041364 0.37887 0.71998 0.65184 2
0.8024 2.3529 0.71006 1.5543 2
-0.40369 -0.57102 0.36668 -0.16802 2
0.63173 1.7086 0.579 1.3804 2
-0.28415 0.6302 0.24477 0.4364 2
0.17867 0.8216 0.83162 0.8934 2
0.70922 2.1918 0.42813 1.4896 2
-0.096264 0.29107 0.74203 0.60786 2
-0.064158 -0.70314 0.058563 -0.32584 2
0.64558 1.7701 1.0114 1.5157 2
0.4221 0.79168 0.44053 0.81041 2
0.41589 1.7381 0.16762 1.0665 2
0.26814 1.4264 0.91209 1.3066 2
-0.3848 -0.3038 0.24495 -0.048134 2
0.28614 0.20255 0.21634 0.31872 2
0.82549 1.7559 0.7127 1.4244 2
0.31076 1.5217 0.26099 1.0055 2
0.85749 1.9713 0.5123 1.2857 2
-0.38759 0.62921 0.34353 0.42474 2
0.30097 0.6883 0.5738 0.82103 2
0.094052 -0.0068848 0.3682 0.37176 2
0.66066 1.0803 0.26419 0.90411 2
-0.092056 0.055051 0.12373 0.0037902 2
0.66933 1.135 0.15554 0.7138 2
0.28732 0.84728 0.76284 0.96575 2
0.76987 2.5519 0.89146 1.8314 2
0.82188 2.6377 0.78289 1.9183 2
0.89798 2.1163 0.67685 1.5936 2
0.8999 2.2464 0.4163 1.5377 2
0.14156 1.7958 0.77712 1.3921 2
0.65855 2.0711 0.47184 1.3534 2
0.35644 1.8551 0.3905 1.2003 2
-0.0070546 1.6328 0.76097 1.2857 2
0.11321 1.9227 0.77585 1.382 2
-0.49884 -0.69724 -0.068659 -0.21721 2
0.61039 0.88327 0.4105 0.64343 2
-0.032593 1.7108 0.73833 1.3979 2
0.64712 1.1379 0.67028 1.0945 2
0.15411 0.46553 0.73079 0.73014 2
-0.038978 0.54513 0.62061 0.74302 2
-0.23736 -0.50634 0.4617 -0.17425 2
-0.17112 0.98108 0.65169 0.94211 2
0.62661 2.04 0.49205 1.3922 2
0.41289 0.81246 0.54229 0.81433 2
0.70299 2.6116 1.0153 1.9683 2
0.38316 2.236 0.73926 1.5304 2
0.016212 1.8561 0.81767 1.4056 2
0.90761 2.1438 0.86374 1.6268 2
-0.091109 1.3866 0.67896 1.0975 2
0.12697 -0.21372 0.20899 0.055411 2
0.21091 0.47427 0.066258 0.24793 2
0.64953 2.9667 1.0758 2.1405 2
0.93891 1.6221 0.79855 1.318 2
-0.15121 0.92054 0.082175 0.6071 2
0.63884 2.0381 0.49525 1.3269 2
-0.12987 -0.42173 0.33709 -0.018392 2
-0.3728 -0.66434 0.21583 -0.21391 2
-0.33174 1.1377 0.65212 0.88452 2
0.21884 1.9822 0.98071 1.6146 2
0.22374 1.3666 0.83259 1.2692 2
0.38756 0.40893 0.45027 0.52563 2
0.090283 1.0217 0.16884 0.59057 2
0.71441 2.2143 0.96694 1.7481 2
0.28786 0.97578 0.24003 0.55016 2
-0.077636 -0.25626 0.27681 0.12901 2
0.05421 2.1346 0.77757 1.5008 2
0.93044 1.6467 0.90817 1.3916 2
1.0051 2.1752 0.66966 1.6374 2
-0.43573 0.61388 0.5495 0.62832 2
-0.23398 0.91059 0.64834 0.82146 2
-0.040695 -0.50974 0.29465 -0.0069122 2
0.32798 1.7059 0.33 1.0486 2
-0.13325 0.99931 0.61717 0.62669 2
0.72361 1.9193 0.42344 1.3373 2
0.097943 1.4309 0.46479 0.93123 2
0.091911 0.47135 -0.025257 0.26851 2
0.23847 0.79266 0.81758 0.8925 2
0.24893 1.7211 0.39912 1.1175 2
-0.27584 -0.21161 0.047354 -0.097579 2
-0.34453 0.88884 0.60432 0.85576 2
-0.15799 -0.028141 -0.10304 -0.057926 2
-0.33015 -0.13021 0.29566 0.14499 2
-0.30786 -0.62752 0.12232 -0.2225 2
0.24362 0.96691 0.0047857 0.62442 2
0.58558 0.86945 0.0062893 0.62574 2
-0.20707 -0.17587 0.12987 0.13087 2
0.20406 1.7835 0.86269 1.4138 2
-0.50823 -0.29214 0.16229 -0.079485 2
0.68209 2.5396 0.66404 1.8464 2
0.46844 0.57283 0.033199 0.39609 2
-0.3948 -0.19238 0.037922 -0.089644 2
-0.28145 0.3764 0.27105 0.2601 2
0.94664 2.1216 0.52079 1.4467 2
0.20222 0.55711 0.15656 0.29813 2
0.64706 1.9816 1.0337 1.6438 2
0.85664 1.691 0.5682 1.2924 2
-0.26266 -0.44249 0.065951 -0.066642 2
0.62777 0.89701 0.44616 0.83679 2
0.25553 1.8628 0.25644 1.2447 2
0.36519 1.1037 0.051964 0.62604 2
-0.10955 1.4482 0.61934 1.1202 2
0.66155 1.8209 0.69442 1.4879 2
-0.10339 1.1348 0.46578 0.75289 2
0.33822 1.1535 0.3486 0.74831 2
-0.32027 -0.17791 0.4572 0.21229 2
0.075355 0.69232 0.74506 0.84633 2
0.5764 1.8163 0.84364 1.5197 2
-0.25592 0.89321 0.68322 0.90819 2
0.54178 1.2928 0.3517 0.7679 2
0.90291 2.3898 0.52364 1.6704 2
0.6296 0.67863 0.43306 0.71322 2
0.18547 1.7778 0.73696 1.2457 2
-0.16195 0.74001 0.29378 0.48396 2
0.08201 1.0509 0.87703 1.1233 2
0.44881 0.93419 0.024949 0.58751 2
0.35363 1.6329 0.17593 1.0122 2
-0.0022787 1.5725 0.4589 1.1002 2
0.61098 1.6024 0.42137 0.98305 2
-0.046751 -0.0090296 -0.062189 -0.060546 2
-0.28043 0.33328 0.26085 0.18162 2
0.25715 1.161 0.77004 1.0797 2
-0.0020343 1.503 0.88757 1.3169 2
0.65374 1.5118 0.22 1.0912 2
0.041882 0.86705 0.71726 0.99163 2
-0.15767 0.0014118 0.0090305 0.027689 2
0.55947 1.4266 0.18833 0.91915 2
0.51439 2.5126 0.74964 1.7253 2
0.64847 1.5348 0.64334 1.34 2
-0.53958 0.52355 0.52153 0.56832 2
-0.51706 -0.55735 0.25689 -0.23406 2
0.52051 2.0238 1.0045 1.5373 2
0.29833 1.7952 0.29122 1.1124 2
-0.029412 1.5455 0.66872 1.1994 2
0.46665 0.78934 0.16726 0.52419 2
-0.21788 0.78413 0.1707 0.47642 2
0.55468 1.0335 0.28285 0.55481 2
0.93644 2.1896 0.72001 1.6642 2
0.79751 1.5749 0.30205 1.1013 2
0.80277 1.7745 1.0135 1.4358 2
-0.17422 0.72653 0.2681 0.43547 2
-0.29651 -0.57407 -0.0049648 -0.22034 2
0.47558 0.94593 0.20016 0.55729 2
0.6904 2.3862 0.87393 1.7008 2
0.36335 -0.044727 0.19227 0.14875 2
0.59417 1.8514 0.43643 1.14 2
0.82658 2.0006 0.70612 1.6186 2
-0.094156 1.3014 0.9899 1.2017 2
0.66949 1.6517 0.80592 1.4177 2
0.14159 1.2048 0.2025 0.71885 2
0.42787 0.39307 0.41195 0.57984 2
-0.28608 -0.65734 0.26613 -0.24852 2
0.67732 1.1172 0.50175 0.79888 2
0.0053819 1.9804 0.82678 1.5017 2
0.087199 1.489 0.82187 1.2265 2
0.059682 0.20483 0.49026 0.56088 2
-0.3435 -0.60837 0.52843 -0.14408 2
-0.33706 -0.61537 0.10912 -0.32209 2
0.13498 0.2598 0.76025 0.5488 2
0.70788 1.544 0.86146 1.3248 2
0.37732 2.4642 0.64417 1.7582 2
-0.15412 1.2461 0.70185 1.0076 2
-0.17536 0.79202 0.67692 0.80078 2
0.33147 1.3284 0.20039 0.78326 2
0.76837 2.1146 0.41085 1.3609 2
0.89769 2.4424 0.69594 1.672 2
0.63279 2.1192 0.58321 1.3326 2
-0.21377 -0.75218 0.25224 -0.26227 2
0.085336 1.119 1.1075 1.1307 2
0.42292 2.475 0.8967 1.764 2
0.32415 0.22737 0.19097 0.26173 2
0.80743 2.4437 1.0246 1.7283 2
0.87942 1.9628 0.45118 1.3877 2
0.88618 1.7406 0.38861 1.3347 2
-0.12719 1.4471 0.76292 1.1241 2
0.64869 1.2556 0.37783 0.77291 2
-0.21839 1.2715 0.76482 1.0109 2
0.50511 2.296 0.69547 1.6041 2
0.34748 0.73669 0.63178 0.87567 2
-0.31386 -0.53936 0.42208 -0.20252 2
0.97199 2.2344 0.48442 1.4878 2
-0.022763 -0.24882 -0.12237 -0.12333 2
-0.46535 -0.60805 -0.010034 -0.19768 2
0.438 0.046909 0.46402 0.23186 2
0.75137 1.7621 0.6555 1.342 2
0.15931 1.4856 0.76888 1.2351 2
-0.17124 -0.52471 0.15238 -0.11819 2
-0.13959 -0.45308 0.16875 -0.2159 2
0.48901 0.37753 0.14056 0.38696 2
-0.4964 -0.52789 0.20736 -0.11988 2
0.71776 2.238 0.36059 1.5499 2
-0.37127 0.56958 0.58416 0.58988 2
0.28845 0.69192 0.70843 0.8337 2
0.48153 0.16218 0.28986 0.29923 2
0.57976 1.1089 0.32307 0.70691 2
0.53814 0.75686 0.19852 0.47278 2
0.62352 1.4506 0.59546 1.226 2
-0.29917 -0.059744 0.63055 0.20975 2
0.6131 1.0133 0.6182 0.94673 2
0.45042 0.40498 0.50954 0.52059 2
0.79072 2.4825 0.80567 1.7795 2
-0.46757 0.15789 0.55739 0.41147 2
-0.14681 1.3746 0.7405 1.1232 2
0.82908 2.2161 0.57554 1.4677 2
0.63114 0.93458 0.1769 0.67451 2
-0.17372 1.4615 0.56024 0.975 2
0.26691 0.75833 0.044212 0.47839 2
0.49648 0.48457 0.090054 0.41127 2
-0.32391 0.091461 0.55098 0.26798 2
-0.33681 0.26063 0.61499 0.50442 2
-0.11787 0.89087 0.6714 1.0362 2
0.40971 1.3384 0.050487 0.81192 2
0.6422 2.2427 0.47594 1.6389 2
0.61548 1.4199 0.17719 0.95173 2
0.58374 0.95604 0.28423 0.66072 2
0.17876 0.88661 0.88045 0.96622 2
0.75913 2.042 0.71496 1.6256 2
-0.35254 -0.17557 0.58857 0.20894 2
-0.096953 1.4625 0.71482 1.1608 2
0.57795 1.2768 0.18225 0.83998 2
0.89412 1.8239 0.64106 1.4718 2
-0.38579 -0.015464 0.51688 0.31552 2
0.28496 -0.0842 0.20854 0.084301 2
0.7048 2.294 0.68307 1.7144 2
-0.3747 -0.11894 0.24276 0.11165 2
-0.34246 0.93511 0.48 0.77496 2
0.25357 1.0083 0.11897 0.6014 2
-0.086116 0.70569 0.72357 0.80168 2
0.013814 1.616 0.71563 1.2694 2
0.38525 1.2627 0.1089 0.76115 2
0.0063108 1.7639 0.75788 1.3154 2
0.33329 0.29701 0.25723 0.45975 2
-0.33373 -0.24086 0.1801 0.089472 2
0.55069 1.9212 0.85671 1.4761 2
0.95641 2.5507 0.78616 1.8687 2
0.29169 0.82091 0.65487 0.97451 2
0.50122 0.53126 0.54894 0.60263 2
-0.23693 -0.63483 0.2073 -0.27354 2
-0.065665 -0.35384 -0.147 -0.08343 2
-0.47059 -0.33222 0.48222 0.082748 2
-0.14911 1.3542 0.83247 1.0448 2
-0.4726 -0.31496 0.18084 -0.19452 2
0.20238 1.8726 0.4366 1.1992 2
-0.12174 1.4852 0.6561 1.1547 2
0.62276 0.97056 0.64486 0.84198 2
-0.46115 -0.19335 0.31759 0.17725 2
0.8961 1.8204 0.47967 1.4107 2
0.13341 0.65963 0.099364 0.3702 2
0.5535 1.1124 1.0274 1.1255 2
0.13325 -0.29396 -0.05026 -0.18389 2
0.94297 1.491 0.71808 1.2327 2
0.69128 1.2821 0.67456 1.1476 2
-0.037669 -0.0076824 -0.037898 -0.034842 2
-0.33058 1.0996 0.67709 0.85816 2
0.0042962 1.6433 0.6999 1.1595 2
-0.003983 1.2659 0.82763 1.2145 2
0.23049 0.96303 0.31055 0.52084 2
0.30199 1.0715 0.017025 0.65515 2
-0.0052367 0.65798 0.21799 0.35495 2
-0.36727 -0.81686 0.094504 -0.29825 2
0.081237 2.0295 0.62421 1.3727 2
-0.11668 1.326 0.70864 1.1143 2
-0.11286 0.98565 0.54866 0.63464 2
0.39196 0.32694 0.25898 0.47109 2
0.82813 2.2782 0.40848 1.5153 2
0.031921 1.6049 0.74223 1.2461 2
-0.13368 0.7014 0.38533 0.4023 2
0.60886 1.5189 0.16434 0.95367 2
0.43323 1.4636 0.28011 0.8783 2
0.37748 2.1152 0.71699 1.4608 2
0.92089 2.7203 0.93285 1.9657 2
0.20878 1.8112 0.56967 1.2159 2
0.38863 1.8951 0.93613 1.5117 2
0.035416 1.6972 0.69352 1.1803 2
-0.37222 -0.06679 -0.079973 -0.013347 2
-0.31159 0.85796 0.46477 0.69928 2
-0.16536 1.1514 0.67697 1.0757 2
-0.18889 0.4256 0.61732 0.73814 2
-0.39796 -0.55198 0.084334 -0.31522 2
0.93406 1.6716 0.6058 1.2918 2
-0.27107 1.057 0.68748 0.98004 2
-0.11884 -0.21568 0.13372 -0.042777 2
0.67743 1.5388 0.48654 1.348 2
-0.36763 -0.33249 -0.05071 -0.17756 2
0.24393 0.032786 0.11189 0.15049 2
-0.21434 0.3262 0.19076 0.18855 2
0.73241 0.88441 0.67601 0.90342 2
-0.39826 -0.42552 0.51788 0.056022 2
-0.34152 0.96192 0.61098 0.80749 2
-0.40194 -0.2794 0.44178 0.11527 2
0.19575 1.1935 0.58932 1.2265 2
0.70005 1.5294 0.67061 1.3056 2
0.63384 2.4872 0.86035 1.8324 2
-0.26202 0.55637 0.35728 0.39854 2
0.15332 1.5662 0.77484 1.2131 2
-0.04768 -0.36952 0.014648 -0.0073186 2
0.071838 1.3411 0.87995 1.2758 2
0.44011 0.60406 -0.064735 0.41078 2
-0.13097 1.3718 0.59191 0.91836 2
-0.21593 0.66612 0.22611 0.43718 2
0.20859 0.76617 0.37345 0.3992 2
0.50912 0.3966 0.20699 0.34188 2
-0.031283 0.1925 -0.053761 0.1417 2
-0.28204 -0.10074 0.38402 0.18736 2
0.83151 2.2222 0.58246 1.4633 2
-0.58964 -0.29935 0.33311 0.027537 2
-0.10596 0.98434 0.92255 0.9775 2
-0.22267 -0.84555 0.25997 -0.22644 2
-0.25116 0.46808 0.68884 0.72058 2
0.88546 1.2284 0.25924 0.8879 2
-0.11517 0.10803 0.51005 0.43069 2
0.72725 2.6677 0.73465 1.944 2
0.85104 2.1869 0.87757 1.7103 2
0.040678 1.4851 0.58807 0.96463 2
-0.21 -0.62134 -0.096761 -0.21551 2
0.20509 1.4882 0.43368 0.85348 2
0.68441 2.0802 0.81442 1.646 2
-0.49544 -0.6201 0.14171 -0.26038 2
0.40085 1.1935 0.792 1.1492 2
0.25282 1.8897 0.41996 1.2158 2
-0.31769 0.10247 0.16242 0.095681 2
0.63253 1.393 0.27352 0.85802 2
0.3002 2.1535 0.89618 1.6449 2
0.49358 1.6906 0.38577 1.0856 2
0.4597 0.47226 0.12123 0.38664 2
-0.38626 0.69304 0.70783 0.7367 2
-0.21092 0.85312 0.58423 0.85804 2
0.60111 1.3877 0.85075 1.2239 2
-0.14424 -0.18175 -0.10026 -0.1365 2
-0.3867 -0.22101 0.56634 0.16638 2
0.52524 1.0415 0.38654 0.96655 2
0.48275 0.58587 0.14846 0.33908 2
0.75425 1.3246 0.33598 0.92896 2
-0.44143 -0.24609 0.10783 -0.16173 2
-0.27194 -0.036719 0.62294 0.33746 2
-0.34385 0.89629 0.50048 0.90325 2
-0.30709 0.68633 0.66787 0.68328 2
0.54214 0.45005 0.50938 0.52069 2
0.14855 1.2306 0.20445 0.70901 2
-0.21063 0.75265 0.84034 0.80423 2
-0.084207 -0.27745 0.017169 -0.056679 2
-0.23446 1.5337 0.79157 1.1857 2
0.81849 2.4157 0.73124 1.8108 2
0.31125 0.11481 0.031959 0.13815 2
0.9667 1.6295 0.075053 1.0373 2
-0.32925 0.26909 0.29677 0.23286 2
0.50851 2.2247 0.76853 1.5921 2
-0.097932 0.48729 0.62022 0.75533 2
0.33737 0.68959 0.47227 0.78243 2
-0.31345 0.50882 0.058283 0.30071 2
0.77915 2.2077 0.62673 1.4262 2
0.6819 2.3508 0.52897 1.6152 2
0.43753 1.1213 0.21427 0.71648 2
0.0016117 0.82597 0.88649 0.9471 2
-0.20704 0.17039 0.18297 0.049951 2
-0.20704 -0.0070511 0.41647 0.35219 2
-0.40569 -0.16059 0.55358 0.20668 2
0.38234 0.87072 0.88928 0.97219 2
0.6354 1.2004 0.9331 1.0636 2
-0.14217 -0.48974 -0.13459 -0.25669 2
-0.0026499 -0.57894 0.32834 -0.16592 2
0.76078 2.2085 0.81609 1.6738 2
-0.42223 -0.18246 0.10965 -0.030542 2
-0.45035 -0.045689 0.15989 0.045262 2
-0.16223 0.93217 0.43057 0.67314 2
0.38474 2.2857 0.68787 1.6015 2
0.66367 2.3072 0.44349 1.5434 2
-0.3551 -0.66095 0.17163 -0.23162 2
-0.48023 0.50232 0.48923 0.43454 2
-0.34624 -0.19933 0.20394 -0.049043 2
0.86778 1.1208 0.40002 0.82147 2
0.42524 1.2611 0.78889 1.2324 2
0.62748 2.4366 0.90008 1.6532 2
-0.099766 1.591 0.721 1.2087 2
-0.00050118 -0.34903 0.0085991 -0.10697 2
-0.15347 0.77842 0.61368 0.86204 2
-0.11521 -0.70191 0.084813 -0.28148 2
0.82825 1.8694 0.88039 1.5305 2
0.65394 2.1358 0.4714 1.4473 2
-0.45332 -0.47245 0.21115 -0.077818 2
0.50832 0.35053 0.51786 0.25356 2
0.57896 1.6579 0.64087 1.4582 2
-0.27202 -0.34894 0.13519 -0.1186 2
0.7383 2.7855 0.82092 1.979 2
-0.060572 0.26046 0.76718 0.57211 2
0.090669 1.7474 0.83234 1.4353 2
0.49924 0.63752 0.47006 0.69513 2
-0.30659 -0.10599 0.31513 0.21152 2
-0.32605 0.72925 0.54922 0.59444 2
0.44975 2.2478 0.6194 1.5646 2
0.61985 2.6412 0.54075 1.8754 2
-0.095729 0.80992 0.77698 0.84651 2
-0.15245 -0.4443 0.17562 -0.2073 2
0.80061 1.221 0.41095 0.9273 2
-0.35577 0.59745 0.11906 0.46607 2
0.097205 0.53401 0.75825 0.8112 2
0.67112 2.2935 0.93311 1.7426 2
0.59531 1.5501 0.27443 1.0187 2
-0.059575 0.78155 0.78774 0.90268 2
-0.18372 1.3569 0.62163 1.035 2
-0.39129 0.2496 0.3196 0.23011 2
0.52968 2.4191 0.97584 1.7833 2
0.51867 1.1115 0.073032 0.71625 2
-0.19046 1.159 0.58716 0.99211 2
0.0064053 1.5847 0.75746 1.2776 2
-0.0026637 1.3147 0.41134 0.88643 2
0.023879 1.7886 0.52563 1.2232 2
0.89443 3.116 0.89475 2.1037 2
0.53687 2.1907 0.71012 1.4372 2
0.087572 1.1311 0.6276 0.6787 2
-0.43095 0.35572 0.36423 0.30814 2
0.32212 2.0087 0.71944 1.4548 2
0.81631 1.9943 0.71478 1.5649 2
0.41148 1.5325 0.20246 0.96986 2
0.59821 2.0215 0.5871 1.3183 2
0.80446 1.3 0.70198 1.1451 2
-0.68112 -0.31536 0.17573 0.091953 2
0.27947 2.2034 0.99085 1.6707 2
-0.34889 -0.81051 0.26966 -0.23755 2
-0.3361 0.66542 0.48287 0.54305 2
0.50952 1.6052 0.91131 1.3588 2
0.37613 0.92999 0.77815 1.0227 2
-0.064108 0.45964 0.59968 0.68542 2
0.51007 1.3865 1.1168 1.2738 2
-0.22822 -0.20458 0.18145 0.088709 2
0.38461 0.51186 0.21324 0.48433 2
-0.0045253 -0.24587 -0.071995 -0.048293 2
0.7721 0.88792 0.58001 0.73769 2
0.78254 2.4681 0.56839 1.7267 2
-0.52973 -0.044852 0.42509 0.15472 2
-0.084019 1.5171 0.76542 1.0581 2
0.58542 1.7717 0.19226 1.1463 2
0.88649 2.0608 0.77198 1.5057 2
0.63589 1.0056 0.43681 0.75194 2
-0.043528 -0.42211 0.061595 -0.12086 2
0.67469 0.80558 0.41068 0.76049 2
-0.17008 0.40048 0.049677 0.23186 2
-0.27516 0.84637 0.70115 0.81612 2
0.7002 1.8205 0.37462 1.1569 2
0.15532 1.4118 0.97511 1.2653 2
-0.12291 0.68483 0.23839 0.43706 2
0.64637 2.4485 1.0271 1.8326 2
-0.41858 -0.67406 0.30923 -0.30678 2
0.55098 2.0805 0.63329 1.4319 2
-0.078939 1.2709 0.64871 0.83188 2
-0.19865 0.51719 0.16549 0.30485 2
0.010154 0.31004 0.49175 0.59843 2
0.52004 1.3945 0.32331 0.8657 2
0.40684 0.10811 0.11942 0.11248 2
0.11183 1.8516 0.56546 1.2648 2
0.44761 2.3414 0.81893 1.6897 2
-0.29914 0.74248 0.27207 0.47676 2
-0.022191 1.0009 0.78838 1.0655 2
0.25013 2.009 1.0136 1.4514 2
-0.13657 1.5691 0.7922 1.2149 2
0.80725 2.0192 0.49437 1.3871 2
0.21988 0.036402 -0.041039 0.081192 2
0.22994 2.1845 0.99144 1.56 2
0.34143 1.7226 1.0016 1.4615 2
0.96259 1.7556 0.75624 1.4668 2
0.41992 2.2193 0.79981 1.7949 2
-0.20366 0.58519 0.14173 0.40428 2
0.73157 2.5222 0.76803 1.7568 2
-0.33266 -0.64877 0.004603 -0.32467 2
-0.26707 0.86827 0.5055 0.56594 2
0.93143 2.4807 0.60219 1.7193 2
-0.47124 0.4667 0.39605 0.34601 2
0.53553 2.2926 0.72115 1.6293 2
0.64552 1.9699 0.75564 1.6196 2
0.62183 2.1807 0.81158 1.7091 2
-0.12389 1.5204 0.54269 1.1519 2
0.87247 1.3469 0.7783 1.0992 2
0.88916 1.2884 0.49838 0.92212 2
0.62222 0.93489 0.056703 0.6498 2
-0.53163 -0.22882 0.3788 0.16934 2
0.64194 0.95641 0.34092 0.76238 2
-0.080253 1.404 0.75686 1.0184 2
-0.4191 -0.37382 0.41394 -0.047347 2
-0.17576 -0.010715 -0.070961 -0.0041709 2
0.14612 -0.10873 0.16215 0.14283 2
-0.2315 0.036885 0.040869 -0.019755 2
-0.20065 0.069458 0.45079 0.40512 2
0.27418 0.088598 0.0488 0.20033 2
-0.50725 0.28692 0.20076 0.20408 2
0.45912 1.3238 0.29386 0.80901 2
-0.2766 -0.50533 0.15764 -0.13996 2
0.30676 1.1804 0.80248 1.118 2
