-0.41892 0.39636 -0.079348 -0.079322 -0.17973 1
0.41534 -0.33546 0.30984 0.37393 0.14241 1
0.656 -0.66976 -0.14941 -0.18602 0.25962 1
-0.57141 -0.4928 -0.69466 -0.66832 -0.51539 1
0.045395 1.0383 0.87844 0.76465 0.32735 1
0.47364 0.8025 0.93509 0.88882 0.54852 1
0.068871 -0.62245 -0.61113 -0.50166 -0.1182 1
-0.36035 -0.77999 -0.37524 -0.2631 -0.48643 1
0.0075247 0.83328 0.83949 0.70616 0.22411 1
0.18955 -0.62936 -0.74168 -0.67493 -0.065971 1
0.03982 0.63603 0.075411 -0.012995 0.2238 1
-0.32627 0.41047 0.58673 0.53478 -0.11717 1
0.42406 -0.64402 -0.29668 -0.21005 0.08466 1
0.66054 -0.53516 0.060738 0.00079632 0.29236 1
-0.51564 0.24903 0.28729 0.26436 -0.30733 1
-0.58644 -0.97112 -1.0039 -0.90345 -0.64943 1
0.25238 0.29706 -0.21273 -0.29096 0.31426 1
-0.58549 -0.38966 -0.87735 -0.83156 -0.48315 1
0.095455 0.18611 -0.27016 -0.35691 0.16395 1
0.52368 0.71661 0.61264 0.53738 0.55432 1
-0.49124 -0.62923 -0.47383 -0.42536 -0.53952 1
-0.039759 -0.7406 -0.93875 -0.85633 -0.21127 1
0.66792 0.61563 0.54595 0.35286 0.7043 1
-0.25934 -0.75136 -0.71827 -0.65269 -0.39968 1
-0.041986 -0.96645 -0.66774 -0.48017 -0.31992 1
0.56446 -0.23164 -0.12826 -0.1388 0.28727 1
0.68801 0.044623 -0.08545 -0.16675 0.52972 1
-0.43903 0.49921 0.22245 0.23899 -0.19901 1
-0.23803 -0.76224 -0.72506 -0.65276 -0.37419 1
0.36421 0.27137 -0.1826 -0.19764 0.3637 1
0.53289 0.94811 0.84113 0.75934 0.62526 1
0.31553 -0.17319 -0.55043 -0.64051 0.18482 1
0.6042 0.36306 0.67878 0.63087 0.48751 1
0.51912 -0.45107 0.033789 0.06019 0.21925 1
0.46572 -0.26445 0.25146 0.31378 0.2 1
-0.021883 -0.56766 -0.015667 0.080541 -0.21916 1
0.70593 0.026251 0.57929 0.56872 0.4846 1
-0.29662 -0.72882 -0.24835 -0.10237 -0.47985 1
-0.62837 0.098516 -0.42128 -0.41905 -0.39024 1
-0.041209 -0.43321 0.14413 0.24052 -0.18373 1
0.40104 -0.77815 -0.81653 -0.81315 0.063949 1
-0.62281 -0.20729 -0.55964 -0.55224 -0.45607 1
-0.80908 -0.17941 -0.6663 -0.56193 -0.58632 1
0.1081 0.84956 0.99729 0.88251 0.27337 1
-0.46748 -1.0151 -0.89248 -0.81734 -0.58897 1
0.60005 0.042479 0.22022 0.24376 0.4216 1
0.014256 -0.80282 -0.89291 -0.75579 -0.21039 1
-0.46458 0.62211 0.65675 0.66518 -0.18524 1
0.52596 0.89554 0.70988 0.62561 0.61584 1
0.058387 0.5757 1.0392 0.93711 0.21132 1
0.27484 0.70967 0.90447 0.82508 0.36725 1
0.076961 0.10419 0.70087 0.7066 0.036825 1
-0.0047611 0.58167 1.0123 0.99393 0.1349 1
-0.17523 -0.61445 0.17326 0.22587 -0.33628 1
0.64471 0.5966 0.55972 0.41089 0.63223 1
-0.24208 0.25738 -0.4257 -0.44549 -0.057491 1
0.071635 -0.045709 0.49288 0.54562 -0.0073357 1
-0.65967 -0.91444 -0.88687 -0.6826 -0.70614 1
-0.46308 0.13097 -0.44637 -0.47451 -0.23525 1
0.62364 0.50529 1.0618 0.95387 0.56208 1
-0.38613 -1.1895 -1.1468 -1.0104 -0.61822 1
-0.3184 0.71486 0.40739 0.3484 0.048791 1
-0.30058 -0.84338 -0.96141 -0.84398 -0.4317 1
0.43428 1.1167 1.1608 0.99369 0.59176 1
0.2645 0.66116 1.0616 0.99435 0.35115 1
-0.63482 -0.42924 -0.80594 -0.73917 -0.51895 1
-0.63929 -0.93776 -0.51687 -0.40825 -0.67754 1
0.26276 0.41877 -0.040853 -0.14297 0.32367 1
-0.67502 -0.22456 -0.63056 -0.58598 -0.50084 1
-0.28766 -0.36928 -0.033461 0.081559 -0.32739 1
-0.26079 0.4593 0.4348 0.37714 -0.086055 1
0.81088 0.99571 1.1666 0.94899 0.8405 1
-0.69766 -0.72648 -0.35265 -0.14991 -0.68793 1
-0.35626 -0.69576 -0.03885 0.085774 -0.41788 1
-0.5554 -0.56185 -0.36153 -0.276 -0.54697 1
0.32607 -0.52183 -0.34867 -0.29257 0.07655 1
0.39603 -0.15511 -0.52152 -0.55117 0.27111 1
-0.51584 0.36918 -0.082026 -0.098474 -0.25095 1
-0.35874 0.0177 0.20588 0.23754 -0.29839 1
0.58645 0.98604 1.2903 1.1388 0.64457 1
0.28759 0.061661 -0.40394 -0.44858 0.26171 1
0.32037 -0.014292 -0.59047 -0.5684 0.22471 1
0.21281 -0.80023 -0.79728 -0.79068 -0.081087 1
0.50726 -0.48394 -0.40988 -0.44734 0.25171 1
-0.2204 0.63448 0.72632 0.64099 -0.00038902 1
-0.4505 0.49475 0.031542 -0.023665 -0.18585 1
-0.27278 0.67229 0.54921 0.53532 -0.010386 1
0.20264 0.27776 0.70531 0.6851 0.17833 1
0.7306 0.11565 0.29123 0.27288 0.48131 1
-0.11714 -0.64695 -1.0219 -0.99509 -0.20703 1
0.10372 0.70232 0.87467 0.85134 0.25906 1
0.47078 -0.26497 0.12494 0.11157 0.26094 1
-0.23535 -0.59492 0.051937 0.1324 -0.36781 1
0.60129 0.96593 0.95083 0.83084 0.65999 1
-0.30468 -0.75497 -0.39217 -0.25213 -0.43608 1
-0.44897 -0.53657 -0.14194 -0.068174 -0.5162 1
0.23343 0.27757 -0.2206 -0.29757 0.26213 1
-0.80045 0.016711 -0.35796 -0.27096 -0.56369 1
0.2259 -0.77517 -0.63048 -0.49093 -0.09731 1
0.54388 0.1255 0.56282 0.57315 0.39205 1
0.17222 -0.62631 -0.79223 -0.7628 -0.020661 1
0.44333 0.30384 0.16235 0.097916 0.43116 1
0.52998 -0.17318 -0.094619 -0.084259 0.33793 1
-0.34999 -0.72338 -0.53321 -0.43731 -0.52639 1
0.4152 -0.45864 -0.14679 -0.10403 0.14873 1
-0.32754 0.54543 0.3853 0.36385 -0.089636 1
0.42649 -0.27428 -0.47621 -0.45446 0.22406 1
0.063144 0.32952 -0.34384 -0.39948 0.13377 1
0.13954 -0.18965 -0.64776 -0.60898 0.13458 1
0.39876 0.52611 0.14584 0.033265 0.44236 1
0.49043 0.64489 0.311 0.19458 0.5592 1
1.033 0.22999 0.26423 0.1404 0.73488 1
-0.53872 -0.50229 -0.08832 0.047916 -0.55535 1
-0.64617 0.081752 0.20713 0.20249 -0.40776 1
0.056125 0.77384 0.27942 0.12034 0.30033 1
-0.063383 -0.83435 -0.69043 -0.58556 -0.24567 1
0.4949 0.90098 0.73669 0.60827 0.59785 1
-0.066284 -0.44888 0.12211 0.23549 -0.1988 1
-0.36549 0.3652 0.5217 0.48547 -0.18795 1
0.081047 -0.19712 0.48963 0.50774 -0.042749 1
0.067167 -0.50409 -0.082848 -0.0061807 -0.1362 1
0.52483 0.80553 0.54579 0.42572 0.62223 1
0.23573 0.90369 0.89624 0.77846 0.39155 1
0.3076 0.28706 0.70452 0.73707 0.28435 1
-0.37724 0.22119 -0.45166 -0.43991 -0.19749 1
0.28807 -0.20162 -0.010313 0.10366 0.15145 1
0.25088 0.21906 -0.28151 -0.35818 0.25884 1
0.65743 0.12531 0.4736 0.4428 0.46114 1
0.10835 -0.88035 -0.74522 -0.70898 -0.15108 1
0.49092 0.82028 0.8858 0.75902 0.55785 1
-0.43559 -0.023371 -0.66871 -0.63168 -0.3151 1
0.71724 -0.16882 -0.21765 -0.25379 0.4368 1
-0.079533 0.20437 -0.56767 -0.56839 0.02731 1
-0.51196 -1.1065 -1.3438 -1.1322 -0.6261 1
-0.64497 -0.50145 -0.45646 -0.32879 -0.66486 1
-0.77131 -0.14452 -0.15213 -0.11124 -0.57853 1
0.22964 -0.30119 0.34351 0.40156 0.069914 1
-0.26425 0.84123 0.64595 0.52526 0.028977 1
0.18032 0.82133 0.91291 0.82355 0.35164 1
0.11837 -0.28344 0.22874 0.27588 -0.0077049 1
0.20559 0.32589 0.56058 0.5744 0.21964 1
0.45159 0.42475 0.78652 0.69835 0.44605 1
-0.12945 -0.70238 -0.99437 -0.99208 -0.22672 1
-0.41902 0.14653 0.33837 0.30902 -0.25007 1
0.50041 0.26206 -0.12792 -0.12666 0.40392 1
0.054805 -0.79952 -0.61577 -0.60659 -0.22669 1
0.52071 0.59292 0.25477 0.1453 0.5814 1
-0.44892 -0.31683 0.084554 0.11552 -0.41664 1
-0.53093 -0.060305 0.28603 0.33231 -0.4013 1
-0.99668 -0.50555 -1.1228 -0.97073 -0.79476 1
-0.66218 -0.65158 -1.1044 -0.9695 -0.60729 1
-0.34491 -0.75972 -0.2575 -0.12535 -0.49069 1
-0.07739 0.2132 -0.29183 -0.31915 0.028895 1
-0.47937 -0.85995 -0.78149 -0.72556 -0.57012 1
0.60183 0.14823 -0.017192 -0.072818 0.48698 1
-0.23349 0.58011 0.70441 0.66121 0.046437 1
0.085875 0.79708 0.29552 0.20367 0.29475 1
0.79828 0.35278 0.48901 0.42049 0.64391 1
-0.51038 0.10589 0.16982 0.18846 -0.35658 1
-0.34827 -0.8534 -0.86513 -0.79962 -0.45783 1
-0.37392 -0.3704 0.23471 0.29152 -0.40038 1
-0.28517 0.42687 -0.34586 -0.37864 -0.086079 1
0.55254 0.81313 0.54817 0.4162 0.62365 1
0.46912 -0.090257 0.48 0.48691 0.25448 1
0.45574 -0.7346 -0.20366 -0.16444 0.089307 1
0.76511 0.63263 0.98293 0.84808 0.73205 1
-0.0025004 0.75663 0.88116 0.84746 0.18433 1
-0.11298 0.64157 0.87102 0.80389 0.073935 1
-0.27104 0.018321 -0.48922 -0.54024 -0.21009 1
-0.24913 -0.47205 0.11896 0.18101 -0.32783 1
0.39136 -0.25753 -0.51243 -0.49439 0.20693 1
-0.21604 0.58577 -0.06204 -0.16266 0.062928 1
-0.15626 -0.81724 -0.73438 -0.69778 -0.37994 1
-0.78422 -0.52631 -1.1231 -1.0448 -0.65104 1
0.38039 0.40492 0.18738 0.12834 0.40703 1
0.13691 0.62524 -0.0046902 -0.073667 0.32292 1
0.1822 0.94233 0.96502 0.85322 0.41898 1
-0.59101 0.2692 0.04756 0.018608 -0.32093 1
0.014753 0.19813 -0.27777 -0.36934 0.12466 1
-0.38124 -0.27262 -0.57749 -0.63068 -0.33254 1
0.41318 0.29337 -0.13194 -0.20294 0.38052 1
-0.71573 0.30104 -0.22312 -0.18515 -0.41227 1
-0.027442 0.90826 1.0167 0.92496 0.23031 1
0.58608 0.50912 0.77894 0.7546 0.55101 1
-0.45354 -0.7869 -0.44466 -0.35323 -0.56317 1
-0.51515 -0.35129 -0.18446 -0.11777 -0.48375 1
-0.20831 0.76667 0.71007 0.66114 0.028685 1
-0.77752 -0.96033 -0.90621 -0.74214 -0.80072 1
-0.35562 0.62922 0.47526 0.42136 -0.068175 1
-0.068224 -0.015157 0.51885 0.54716 -0.079781 1
0.54619 0.043451 -0.27823 -0.33715 0.40388 1
0.39687 0.61929 0.19552 0.10958 0.47074 1
0.14119 0.22109 0.47641 0.54537 0.13383 1
0.076713 -0.17638 0.5049 0.51005 0.020755 1
0.55424 0.54265 0.52857 0.49456 0.56887 1
0.57189 0.95809 0.67954 0.47065 0.69179 1
-0.16704 -0.3035 -0.034217 0.013503 -0.2597 1
-0.16641 0.65837 0.60966 0.48711 0.070519 1
-0.6664 0.14436 0.17645 0.1907 -0.44109 1
0.88426 0.51631 0.63666 0.51338 0.73693 1
-0.60342 -0.27719 -0.52798 -0.49576 -0.52456 1
0.3049 -0.30762 -0.53606 -0.45373 0.13325 1
0.72286 -0.014886 0.52235 0.4438 0.47943 1
0.42061 0.018281 0.92588 0.86587 0.30855 1
0.54075 0.44916 0.8177 0.75761 0.47795 1
0.36196 0.82702 0.31678 0.1939 0.45938 1
-0.70376 -0.45096 -0.51654 -0.47164 -0.62846 1
-0.58874 -0.33123 -0.68987 -0.65961 -0.50873 1
-0.49489 0.46431 0.14465 0.11011 -0.21244 1
0.52979 0.6377 0.16103 0.05471 0.55226 1
-0.30309 0.0072467 0.38454 0.4394 -0.21059 1
-0.26311 -0.50205 -0.85409 -0.82955 -0.31578 1
-0.43985 -0.7445 -0.31853 -0.22738 -0.51825 1
-0.32978 0.25466 -0.12508 -0.17688 -0.18488 1
0.17664 0.51768 -0.10229 -0.091545 0.27822 1
-0.22146 0.51691 -0.41072 -0.41643 0.013959 1
0.48127 -0.1117 0.1004 0.14028 0.32411 1
0.79098 0.019972 0.32406 0.27983 0.55569 1
-0.46058 -0.21901 0.065961 0.15428 -0.45357 1
-0.10601 -0.65476 -0.40335 -0.29156 -0.2961 1
-0.61489 0.3711 -0.083904 -0.074524 -0.33361 1
0.71526 -0.20421 -0.074198 -0.20423 0.45446 1
-0.62025 -0.55537 -0.86523 -0.78022 -0.56625 1
-0.36831 0.17344 -0.38079 -0.3978 -0.21765 1
0.36267 1.11 0.82638 0.67775 0.53254 1
0.45099 0.64091 0.97534 0.89834 0.48128 1
-0.16922 0.064559 -0.56067 -0.55766 -0.05841 1
0.55851 0.11571 -0.11309 -0.16092 0.45561 1
0.78019 0.091788 0.22357 0.085094 0.5742 1
-0.27474 -0.34681 -0.0077871 0.10539 -0.32874 1
-0.43035 0.060819 -0.51718 -0.54368 -0.25812 1
0.82085 0.14546 0.60629 0.5432 0.59654 1
0.479 -0.52179 -0.43906 -0.45503 0.1985 1
0.27471 0.3915 -0.12248 -0.19585 0.33743 1
0.45708 0.087019 0.91203 0.83769 0.31727 1
0.047596 0.15937 0.70034 0.71091 0.014062 1
-0.25295 0.8043 0.29646 0.22403 0.10374 1
-0.44747 0.071857 0.37696 0.38974 -0.30804 1
0.055976 0.79892 0.90218 0.81046 0.26335 1
0.8085 0.81158 0.5333 0.30005 0.78638 1
-0.41669 0.70143 0.53488 0.52693 -0.10115 1
0.14466 0.6457 1.004 0.90141 0.26395 1
0.089514 -0.89876 -0.70559 -0.63234 -0.16243 1
-0.7259 0.46894 0.13174 0.15475 -0.36411 1
-0.22241 -0.92842 -0.75207 -0.64531 -0.39326 1
0.23134 0.27232 -0.29164 -0.39329 0.27901 1
0.14599 0.076233 0.52496 0.58412 0.077578 1
-0.17418 -1.0695 -0.57192 -0.49828 -0.42354 1
0.26407 0.67784 0.12666 0.060144 0.41734 1
0.56203 0.61041 0.71813 0.64029 0.60216 1
-0.19107 -0.89173 -0.79587 -0.67633 -0.40507 1
0.36182 0.82035 1.0748 0.96289 0.45574 1
0.32244 -0.25717 0.47898 0.51181 0.1365 1
-0.43523 0.34866 0.0064399 0.017274 -0.21345 1
-0.4594 -0.088338 -0.62634 -0.63466 -0.28927 1
0.56884 -0.31052 0.12579 0.14072 0.28812 1
-0.29302 -0.84855 -0.37919 -0.27766 -0.45943 1
-0.48469 0.50923 0.32899 0.29596 -0.18242 1
-0.31027 -0.036537 0.30533 0.34092 -0.29171 1
0.040875 -0.7425 -0.25755 -0.13685 -0.21053 1
-0.013583 -0.43647 0.11494 0.10225 -0.19141 1
0.47248 0.13641 0.60019 0.59993 0.33325 1
0.37174 -0.52766 -0.60406 -0.57916 0.14096 1
-0.52562 0.38553 0.028617 0.01215 -0.2366 1
-0.56041 -0.51552 -0.86779 -0.79418 -0.54449 1
-0.79242 0.25352 -0.088879 -0.052285 -0.44759 1
0.099676 0.72016 0.74012 0.58961 0.23181 1
0.11054 1.0331 0.7756 0.61106 0.3866 1
0.026153 -0.035627 -0.51158 -0.5142 0.050062 1
0.11937 -0.44617 -0.86526 -0.86251 -0.019654 1
-0.066459 0.23797 -0.28205 -0.33757 0.018499 1
0.55961 0.19174 0.67388 0.64901 0.42051 1
-0.32101 -0.69146 -0.18487 -0.023453 -0.42865 1
0.49466 0.92462 0.5507 0.30451 0.60068 1
0.68357 0.32066 0.44353 0.39983 0.59185 1
0.030234 0.46853 0.73843 0.76801 0.15513 1
0.02544 -0.83076 -0.79308 -0.70545 -0.17648 1
-0.071023 -0.90043 -0.92913 -0.79795 -0.33025 1
-0.09477 -0.089084 0.41997 0.48572 -0.09035 1
0.73622 -0.11224 0.14166 0.10973 0.49707 1
0.10129 0.90816 1.0593 0.91827 0.29487 1
-0.29299 -1.1041 -1.164 -1.0015 -0.44699 1
-0.52714 -0.95552 -0.82048 -0.64736 -0.65147 1
-0.49202 -0.88826 -1.0377 -0.91075 -0.59678 1
0.79117 -0.14027 -0.074838 -0.1723 0.51211 1
-0.57208 -0.67894 -0.37044 -0.1991 -0.62384 1
-0.40757 0.06357 0.43643 0.45205 -0.2973 1
-0.85302 -0.19809 0.038433 0.18814 -0.63774 1
0.73484 0.24771 0.41335 0.32832 0.58915 1
-0.0879 0.51112 0.86732 0.79942 0.080896 1
-0.45785 0.01172 -0.56832 -0.56366 -0.30353 1
-0.64817 -0.45686 -0.57319 -0.54554 -0.57977 1
-0.65753 -0.33399 -0.49597 -0.39206 -0.59126 1
0.11306 -0.75111 -0.78687 -0.70307 -0.11613 1
-0.74589 0.21649 -0.037601 0.0058404 -0.44385 1
0.4481 0.29396 -0.095071 -0.13055 0.41564 1
-0.26804 -0.4949 -0.070371 0.089347 -0.36411 1
0.46669 0.35293 0.63798 0.64227 0.40248 1
0.022532 0.5997 0.86195 0.7932 0.13439 1
0.29551 1.0247 0.67144 0.55068 0.511 1
0.34596 0.54767 0.81916 0.80925 0.35921 1
-0.38944 -1.0586 -0.8093 -0.75758 -0.55555 1
0.36493 -0.70651 -0.77709 -0.6658 0.055817 1
-0.53277 -0.5914 -0.17939 -0.056774 -0.58747 1
-0.31063 -0.99718 -1.0292 -0.90268 -0.5025 1
0.19999 -0.13954 0.32631 0.40112 0.079254 1
-0.36559 0.061527 -0.35447 -0.36302 -0.22478 1
0.345 -0.42566 -0.4089 -0.43127 0.16736 1
0.44966 0.36268 0.29309 0.26474 0.46555 1
0.33957 -0.40364 -0.53384 -0.50171 0.13407 1
0.73734 0.76719 0.60595 0.45219 0.72019 1
0.85757 0.097756 0.029247 -0.13967 0.62066 1
-0.35694 -0.93088 -0.57499 -0.46798 -0.55754 1
-0.14295 -0.44195 -0.88193 -0.77932 -0.22533 1
0.28297 -0.58379 -0.70265 -0.68613 0.028774 1
0.30315 0.38211 0.043843 -0.071251 0.37463 1
-0.51597 0.10468 -0.078871 -0.1407 -0.31768 1
0.73743 0.9891 0.93742 0.70763 0.80001 1
0.36153 0.79054 0.47797 0.3235 0.49956 1
-0.56449 -1.1244 -1.0854 -0.92734 -0.7135 1
-0.08612 0.58249 0.87308 0.84128 0.086667 1
0.44731 -0.78612 -0.50289 -0.48929 0.075266 1
0.15822 -0.45647 0.11048 0.17083 -0.052283 1
-0.2292 0.63557 0.43312 0.33503 0.024359 1
-0.66279 -0.44765 -0.076657 0.079562 -0.61994 1
0.11101 -0.19435 0.27822 0.339 0.0035119 1
0.40205 1.0293 1.0391 0.95107 0.5859 1
0.052194 -0.6175 -0.76409 -0.6239 -0.10701 1
0.50456 0.74388 1.1563 1.0663 0.51887 1
-0.084652 0.48645 0.22495 0.039402 0.096935 1
-0.021581 -0.75403 -0.72553 -0.62514 -0.24495 1
-0.45168 -0.21495 -0.83232 -0.79888 -0.33216 1
0.11889 0.40513 0.81655 0.8295 0.17738 1
0.58914 0.62874 0.23923 0.1822 0.62697 1
0.47905 -0.39325 -0.14411 -0.096557 0.22571 1
-0.17938 -0.52828 -0.88701 -0.84962 -0.20977 1
0.84365 0.40699 0.43855 0.3255 0.694 1
-0.31227 -0.84487 -0.79977 -0.68741 -0.49879 1
0.13193 -0.084891 -0.56141 -0.66193 0.11858 1
0.46358 0.37223 -0.092303 -0.13642 0.45209 1
-0.50525 -0.18693 0.089386 0.22093 -0.4357 1
0.72701 0.076373 0.25003 0.25483 0.50218 1
0.36719 -0.47419 -0.34084 -0.27413 0.13884 1
-0.18801 0.4681 0.60897 0.52476 0.0061094 1
-0.074259 -0.97599 -0.90791 -0.85531 -0.35598 1
-0.69358 -0.60924 -0.34986 -0.22615 -0.66373 1
-0.31012 -0.24973 -0.45245 -0.39938 -0.33008 1
-0.2783 -0.25603 -0.74882 -0.74966 -0.23365 1
0.19253 0.035997 -0.44284 -0.46163 0.18507 1
0.38091 -0.22587 -0.46815 -0.52184 0.23345 1
0.08975 -0.33248 0.20738 0.2101 -0.10804 1
0.65305 -0.15496 0.047249 -0.0026997 0.4095 1
-0.7363 0.22686 -0.28704 -0.2743 -0.41627 1
-0.14016 -0.4104 -0.77911 -0.64291 -0.13437 1
0.28873 -0.37777 0.12427 0.23991 0.060097 1
0.10137 -0.33316 -0.6989 -0.68278 0.0052817 1
-0.2981 -0.30932 0.062038 0.12207 -0.33307 1
-0.60487 0.050346 0.058694 0.057427 -0.39746 1
0.37258 0.091557 0.68553 0.66253 0.27309 1
-0.2039 -0.16767 -0.82769 -0.78574 -0.17585 1
-0.37605 -1.0329 -0.94773 -0.80971 -0.54081 1
0.42088 -0.021741 0.53573 0.59561 0.31556 1
-0.081072 -0.39356 0.24338 0.29376 -0.194 1
0.57823 0.9557 0.84189 0.72728 0.64105 1
-0.14396 0.267 0.74187 0.78982 -0.037896 1
0.12111 -0.94805 -0.79869 -0.76239 -0.17784 1
-0.5513 -0.35505 0.052014 0.15528 -0.48215 1
-0.40879 -0.74216 -0.605 -0.54464 -0.49008 1
0.59032 -0.15624 0.39367 0.37306 0.31268 1
-0.26318 0.65521 0.65187 0.65278 -0.0085364 1
0.23668 -0.73138 -0.70431 -0.59185 -0.03967 1
0.087164 1.0185 0.80264 0.73513 0.34255 1
0.28018 1.0012 1.147 0.99196 0.44731 1
-0.27201 0.5677 0.68025 0.61212 -0.029693 1
0.53862 0.064682 0.7101 0.65547 0.36725 1
-0.59831 -0.27566 -0.77525 -0.72388 -0.45928 1
0.24978 -0.016839 0.40238 0.45823 0.16045 1
0.70306 -0.05981 0.425 0.42112 0.44299 1
-0.31174 -0.90533 -0.98308 -0.92507 -0.4708 1
-0.0013472 0.72048 0.57961 0.49781 0.23657 1
0.04078 -0.47179 0.051315 0.17136 -0.12224 1
-0.4469 -0.75912 -1.1214 -0.99862 -0.53008 1
0.34341 0.62376 0.64239 0.55936 0.44874 1
0.43724 0.28464 0.83423 0.81014 0.32686 1
1.1158 0.59852 0.69736 0.57082 0.9109 1
0.34793 0.35508 -0.3084 -0.4488 0.36454 1
-0.25058 -0.97261 -0.82533 -0.71087 -0.49761 1
0.49016 -0.56538 -0.21876 -0.15386 0.16729 1
0.39675 -0.32616 -0.36 -0.28866 0.19326 1
-0.52142 -0.74208 -0.33541 -0.22997 -0.56734 1
0.55261 -0.18645 -0.19629 -0.28383 0.35534 1
0.51638 0.28286 0.53128 0.51719 0.46526 1
0.46672 0.58126 0.31134 0.21218 0.50416 1
0.32831 0.41371 0.0053511 -0.132 0.37359 1
0.60432 0.72059 1.0916 0.96791 0.5957 1
-0.22847 0.72246 0.99594 0.93467 0.039883 1
-0.45334 -0.24894 -0.67681 -0.62395 -0.36479 1
0.095841 0.80054 0.8617 0.77591 0.32171 1
-0.17652 -0.86137 -0.90514 -0.73296 -0.37363 1
0.51895 0.81347 1.0866 0.96956 0.58227 1
0.32838 0.45621 0.02536 -0.030653 0.37541 1
-0.61234 0.21215 -0.1715 -0.1678 -0.34787 1
0.11458 -0.41937 -0.64798 -0.59447 -0.0019479 1
-0.4301 0.22455 0.55489 0.56746 -0.25889 1
0.2415 -0.4264 -0.56514 -0.50464 0.091454 1
-0.11642 -0.71385 -1.0448 -0.96798 -0.26232 1
0.014448 0.67101 0.82439 0.73143 0.18301 1
-0.6628 -0.34143 -0.44404 -0.44773 -0.56325 1
0.33746 0.72973 0.22716 0.022038 0.46085 1
0.28239 0.30178 0.69793 0.70376 0.27417 1
0.39206 -0.44311 -0.23833 -0.21693 0.17274 1
-0.43001 0.099132 -0.4931 -0.49837 -0.279 1
-0.53698 -0.36456 0.031401 0.11011 -0.50404 1
-0.25664 -0.79133 -0.42329 -0.30235 -0.43177 1
-0.50406 -0.84771 -0.74955 -0.60885 -0.59577 1
-0.55136 0.31958 0.41086 0.4103 -0.31102 1
0.63675 -0.60187 -0.2863 -0.25872 0.2997 1
0.66602 0.67633 1.0658 0.97799 0.60027 1
0.23251 0.81088 0.23695 0.1873 0.38968 1
-0.51932 0.35362 -0.25776 -0.28753 -0.25507 1
-0.54686 -0.59563 -0.8777 -0.80745 -0.53461 1
0.11649 0.89721 0.94014 0.78207 0.36079 1
-0.58017 0.36844 0.28196 0.2946 -0.26004 1
-0.35261 -0.31279 0.15733 0.24297 -0.34562 1
0.019573 0.73496 0.96644 0.94828 0.20547 1
-0.026455 0.34476 -0.26381 -0.34235 0.12448 1
-0.12996 0.34715 -0.22107 -0.30011 0.037769 1
-0.56468 -0.80263 -0.65362 -0.49609 -0.65031 1
-0.40548 -0.27743 0.22311 0.2828 -0.38278 1
0.63216 0.95173 1.1595 1.0012 0.70665 1
0.37731 -0.24431 0.51966 0.51573 0.18347 1
0.28787 -0.17936 0.33845 0.35877 0.10872 1
0.63104 -0.18263 -0.33036 -0.33476 0.42192 1
0.49838 -0.68359 -0.32769 -0.35328 0.17202 1
-0.010778 -0.69492 -0.91976 -0.75793 -0.2162 1
-0.64982 -0.17326 -0.66738 -0.63339 -0.47355 1
-0.48112 -0.27267 0.1614 0.22748 -0.43593 1
0.35582 -0.33505 0.335 0.35618 0.15581 1
-0.63205 0.1044 0.1232 0.19587 -0.41922 1
-0.20494 0.9061 0.76136 0.73646 0.10236 1
0.093321 0.61963 0.062854 0.082023 0.26553 1
-0.37367 -0.5799 -0.908 -0.828 -0.4188 1
-0.3398 -0.47076 -1.024 -1.0088 -0.30396 1
0.71288 0.42506 0.56961 0.51493 0.6215 1
-0.20452 -0.43917 -0.8675 -0.82477 -0.21633 1
0.68526 -0.01442 0.39118 0.32371 0.4719 1
0.38787 -0.65238 -0.50167 -0.48788 0.08859 1
-0.42972 -0.56565 -0.078511 0.061366 -0.46453 1
0.29233 0.98502 0.74163 0.63722 0.48634 1
0.15339 -0.58444 -0.70588 -0.63099 -0.062033 1
0.60653 0.25374 0.61566 0.58613 0.4545 1
0.53534 0.25892 0.73139 0.65795 0.43423 1
-0.31863 0.40939 -0.12996 -0.24963 -0.06265 1
0.50605 -0.39779 -0.39662 -0.40152 0.21944 1
0.36036 -0.43773 0.020531 0.098419 0.10772 1
0.12922 -0.7053 -0.76404 -0.68367 -0.073337 1
0.48262 -0.2513 -0.55851 -0.61801 0.30078 1
-0.073866 0.80538 0.93979 0.85279 0.1478 1
-0.30271 -0.62961 -1.0225 -0.94914 -0.39318 1
-0.23278 0.36569 -0.15106 -0.26062 -0.053711 1
-0.24837 -0.66134 -0.016944 0.044187 -0.38819 1
0.10107 -0.32727 0.23349 0.29258 -0.07154 1
-0.87196 -0.68426 -0.73249 -0.58942 -0.77258 1
-0.3369 0.31172 -0.27497 -0.29957 -0.176 1
0.58709 0.61925 0.87798 0.80492 0.57363 1
-0.16003 -0.92026 -0.78562 -0.6804 -0.38971 1
-0.35059 0.68594 0.50806 0.38909 -0.034142 1
1.0135 0.42367 0.31324 0.15054 0.82314 1
-0.30545 0.65697 0.38135 0.32275 0.010614 1
0.31501 0.16639 0.62506 0.65363 0.24518 1
-0.20316 0.42649 0.013673 -0.064301 -0.041589 1
0.58197 -0.21478 0.30495 0.3282 0.30507 1
0.25719 -0.12011 0.26743 0.33026 0.18358 1
-0.60816 -0.71881 -0.86505 -0.73001 -0.62158 1
0.089953 0.43565 -0.11636 -0.2229 0.20249 1
0.19069 0.39145 -0.29508 -0.397 0.25889 1
-0.36442 -0.29547 0.20633 0.30169 -0.39641 1
0.24123 -0.69668 -0.74337 -0.69516 -0.041626 1
0.58397 -0.23289 0.41784 0.41962 0.33439 1
0.48656 -0.0088884 0.34721 0.34744 0.3713 1
-0.54486 -0.51603 -0.090105 0.064627 -0.5648 1
0.029253 0.54825 0.91078 0.76257 0.14451 1
-0.70049 0.28154 0.21557 0.28974 -0.41813 1
-0.18892 -0.16504 0.31017 0.26098 -0.19005 1
-0.52158 -0.80768 -0.47575 -0.39175 -0.61171 1
0.33303 1.089 0.96329 0.76101 0.52702 1
0.33511 -0.78915 -0.56763 -0.54094 -0.0067407 1
-0.23368 0.23616 -0.13824 -0.21131 -0.087389 1
0.093828 0.87168 0.59375 0.51673 0.3176 1
0.17261 -0.59005 -0.82555 -0.71925 -0.059009 1
-0.51587 -0.46162 -0.074289 0.059344 -0.516 1
-0.12813 -0.85911 -0.85611 -0.8055 -0.37288 1
0.19042 0.79249 0.94399 0.77081 0.35844 1
0.48512 0.74498 0.44575 0.31264 0.59732 1
0.14166 0.76459 -0.030767 -0.079893 0.3326 1
-0.63433 -0.020086 -0.24895 -0.24192 -0.44703 1
-0.39398 -0.78814 -0.70299 -0.62947 -0.53697 1
0.55099 0.23198 -0.13034 -0.19829 0.47137 1
0.81083 0.077286 0.35678 0.31209 0.56323 1
0.74937 0.42372 0.52042 0.40905 0.66923 1
0.16131 -0.10932 -0.5086 -0.52748 0.098295 1
-0.32641 -0.1937 0.18108 0.19712 -0.3028 1
0.1759 -0.78145 -0.30866 -0.1681 -0.13302 1
-0.074636 -0.53592 -0.90673 -0.8681 -0.18037 1
-0.85434 -0.43062 -0.75279 -0.63997 -0.68141 1
0.054115 -0.8933 -0.75939 -0.68897 -0.21693 1
-0.28796 0.056361 -0.4735 -0.51674 -0.19313 1
0.54737 -0.23547 0.3473 0.33927 0.32075 1
0.39657 -0.55174 -0.64894 -0.61183 0.11306 1
0.41001 0.81366 0.45887 0.32362 0.54073 1
-0.64955 0.47836 0.12598 0.1525 -0.31754 1
0.51152 0.36557 0.91301 0.83019 0.44255 1
-0.13508 -0.69215 -0.093638 -0.064261 -0.32799 1
0.44055 1.0303 1.0252 0.88115 0.62046 1
0.27877 0.33073 0.78845 0.76759 0.25703 1
0.15679 -0.7467 -0.86253 -0.82226 -0.079999 1
-0.13738 0.66127 0.5748 0.47955 0.069668 1
0.73216 -0.24523 0.32902 0.2833 0.40645 1
0.42048 0.60307 0.43768 0.33158 0.48269 1
0.66148 -0.42064 0.42839 0.37704 0.32699 1
0.16439 -0.86673 -0.70492 -0.55912 -0.12268 1
-0.2936 0.71804 0.66928 0.60687 -0.0055487 1
0.18785 0.89783 0.70838 0.5548 0.38406 1
-0.45219 -0.95018 -0.79473 -0.66253 -0.56671 1
0.37214 -0.19369 -0.42653 -0.4246 0.20355 1
0.36731 0.59492 0.88959 0.83083 0.35981 1
0.32106 0.12398 -0.35888 -0.40795 0.28641 1
0.49511 0.64455 0.56154 0.44313 0.52868 1
-0.19981 0.66735 0.72302 0.6341 0.065802 1
0.47751 -0.039165 -0.38068 -0.34856 0.33116 1
0.32613 0.10278 0.2841 0.34166 0.29085 1
0.39536 0.8018 0.65418 0.50403 0.55244 1
0.74189 -0.27827 0.2229 0.16968 0.44564 1
0.63466 -0.063942 0.53365 0.52432 0.41672 1
0.13917 -0.138 -0.67145 -0.69082 0.083195 1
0.57492 0.64184 0.95619 0.89194 0.59809 1
0.14016 -0.23284 -0.64314 -0.56892 0.091433 1
-0.095418 -0.4255 -0.81191 -0.83529 -0.17837 1
-0.51251 -0.7037 -0.64813 -0.49136 -0.5972 1
0.22835 0.87276 0.22294 0.11897 0.42208 1
0.31868 0.39604 0.84303 0.81967 0.30353 1
-0.46942 0.25383 -0.22025 -0.26792 -0.22088 1
-0.10404 0.4279 0.88038 0.86121 0.017367 1
-0.46965 0.43337 0.3795 0.3842 -0.15902 1
0.19079 -0.87162 -0.66995 -0.61744 -0.12046 1
-0.65842 -0.76247 -0.36791 -0.25065 -0.64884 1
0.44583 0.062238 0.3635 0.38162 0.33542 1
-0.33513 -0.19903 -0.8117 -0.80062 -0.29979 1
0.331 -0.63315 -0.70456 -0.65361 0.03457 1
0.30982 -0.051755 0.2739 0.32432 0.22349 1
0.26372 0.98526 0.84315 0.64343 0.40713 1
0.15821 -0.46318 -0.19639 -0.087187 -0.017715 1
-0.73954 -0.013687 0.035439 0.14273 -0.51181 1
-0.25896 0.55485 0.48496 0.39765 -0.03101 1
0.45154 -0.23205 0.36897 0.39514 0.24664 1
-0.2401 -0.23947 -0.85946 -0.83003 -0.20325 1
-0.48478 -0.91465 -0.48747 -0.41074 -0.60883 1
0.58628 0.47894 0.091437 -0.026055 0.51147 1
0.57989 -0.48875 -0.16554 -0.14363 0.25014 1
-0.49722 0.34825 -0.0053884 -0.010428 -0.23562 1
-0.3547 -0.10067 -0.50332 -0.52314 -0.30191 1
0.54397 -0.55255 -0.30013 -0.26833 0.223 1
-0.64529 -0.14139 -0.45653 -0.48025 -0.45944 1
0.42803 0.45179 -0.012124 -0.11156 0.48886 1
0.4576 1.1342 1.0551 0.93279 0.64062 1
-0.54911 -0.50496 -0.66766 -0.65256 -0.54914 1
0.36093 0.024517 0.69247 0.68495 0.26886 1
0.0061264 -0.43795 -0.056415 0.052641 -0.12965 1
0.25468 -0.17186 -0.50322 -0.50878 0.1324 1
-0.49735 -0.67963 -0.44744 -0.34524 -0.51967 1
0.39269 -0.059769 0.70824 0.63283 0.21317 1
-0.59223 0.40111 0.37305 0.39406 -0.28987 1
-0.40401 -0.88624 -0.46152 -0.29975 -0.52653 1
0.16368 -0.44254 -0.58487 -0.52155 0.023133 1
-0.61807 -0.88042 -0.65431 -0.48035 -0.69123 1
0.54257 0.39058 0.18247 0.15753 0.48306 1
0.41421 -0.21486 -0.34499 -0.36511 0.25589 1
-0.064161 -0.66906 -1.0351 -0.9575 -0.19664 1
0.20794 -0.7868 -0.88786 -0.79076 -0.095762 1
-0.24506 -0.33287 0.19526 0.23537 -0.30487 1
0.45306 0.5576 0.20214 0.065282 0.50989 1
0.47835 1.0464 1.0293 0.88759 0.65751 1
0.1837 -0.075382 0.54025 0.56599 0.096585 1
-0.32429 0.038995 -0.48405 -0.53243 -0.19947 1
0.587 0.27592 0.16622 0.10203 0.54141 1
0.50441 0.53493 0.78562 0.76101 0.48771 1
-0.39223 -0.008238 0.15098 0.17237 -0.30476 1
-0.14613 -0.60552 -1.0017 -0.9275 -0.21384 1
-0.79154 -0.080708 -0.097645 -0.095175 -0.55374 1
-0.27046 -0.83565 -0.93412 -0.87125 -0.4348 1
0.21483 -0.42167 -0.54782 -0.48768 0.056222 1
0.65521 0.62376 0.86417 0.73291 0.65776 1
0.43516 -0.65608 -0.41914 -0.3901 0.12636 1
0.27133 -0.51416 -0.45269 -0.42724 0.066223 1
0.64931 -0.25429 -0.12713 -0.12455 0.40154 1
0.38137 0.77104 0.76744 0.71012 0.47372 1
-0.50769 -0.1161 0.30877 0.31886 -0.39734 1
0.47855 0.69974 0.46346 0.34368 0.56109 1
-0.5178 -0.58343 -0.074426 -0.0075562 -0.53337 1
-0.19381 0.12243 -0.35666 -0.40121 -0.11693 1
-0.63752 0.16716 -0.35008 -0.34617 -0.37982 1
-0.36301 0.51901 0.45122 0.38558 -0.14559 1
-0.44443 0.2147 0.016156 -0.0034209 -0.24828 1
-0.49387 -0.92109 -0.75156 -0.66281 -0.59487 1
-0.16206 -0.95684 -1.0727 -0.92595 -0.33418 1
-0.60461 0.21139 -0.37357 -0.35983 -0.31765 1
0.79254 0.54177 0.47042 0.31546 0.73806 1
-0.21217 0.65081 0.096057 0.071764 0.031308 1
-0.14821 0.53613 0.58765 0.49767 0.041538 1
0.45524 0.33467 0.73793 0.70046 0.44652 1
0.043473 0.84105 0.99427 0.8737 0.29463 1
0.3707 0.19855 -0.30242 -0.30066 0.35114 1
-0.60111 -0.44248 -0.58601 -0.51341 -0.55771 1
0.37916 -0.27643 0.22961 0.31711 0.20201 1
-0.6285 -0.072576 -0.65788 -0.6469 -0.44664 1
0.089774 -0.64718 -0.14386 -0.022546 -0.15717 1
-0.13041 -0.89423 -1.0733 -1.0068 -0.34092 1
-0.18624 -0.68682 -0.82353 -0.84474 -0.32094 1
-0.29871 -0.37853 -0.45209 -0.45556 -0.30744 1
-0.56286 -0.76329 -1.268 -1.1015 -0.59548 1
0.54398 0.37257 0.87332 0.75891 0.50831 1
0.56335 -0.032515 -0.10292 -0.17843 0.38104 1
-0.42177 -0.83358 -1.012 -0.89533 -0.52452 1
0.74963 0.22278 0.49711 0.46199 0.55534 1
-0.12784 0.21427 0.78333 0.7464 -0.0079146 1
0.37654 0.62846 0.23088 0.097836 0.4325 1
0.21084 -0.45425 -0.63195 -0.59441 0.056231 1
-0.5078 0.47397 0.20912 0.18154 -0.21796 1
0.5572 0.71732 0.32284 0.16965 0.61078 1
-0.2784 0.84188 0.2529 0.17873 0.11106 1
-0.39889 0.50383 0.33124 0.25139 -0.13445 1
0.095091 -0.81541 -0.28125 -0.15906 -0.19373 1
-0.49763 -0.49495 -0.99423 -0.95187 -0.48515 1
0.26875 0.60265 0.92182 0.85191 0.36719 1
-0.25354 0.51571 0.11925 0.05041 -0.023087 1
0.33174 0.17289 0.76076 0.70301 0.25486 1
0.3094 0.0033227 0.74222 0.74194 0.21527 1
0.44114 0.40931 0.65167 0.595 0.42605 1
-0.23916 -0.62397 -0.27188 -0.19802 -0.4273 1
0.2538 -0.082131 0.15263 0.24647 0.13909 1
-0.058385 0.30768 -0.25377 -0.31265 0.06725 1
-0.33093 0.0022121 -0.24591 -0.28204 -0.21444 1
0.0044051 -0.30313 0.34097 0.41414 -0.1187 1
-0.65564 0.023308 0.093279 0.16301 -0.48144 1
-0.90039 -0.3602 -0.36002 -0.22628 -0.72543 1
0.33399 0.80916 0.99941 0.93958 0.44717 1
-0.30344 0.42734 0.55102 0.50353 -0.10085 1
0.51389 0.97797 1.0138 0.88664 0.62318 1
0.33782 0.10946 -0.47395 -0.51201 0.27549 1
-0.56246 0.14202 0.2826 0.27255 -0.33342 1
-0.76996 -0.16973 -0.3675 -0.2789 -0.60858 1
-0.37425 -0.36048 0.091191 0.18 -0.40725 1
0.17075 0.42098 -0.17781 -0.16159 0.26888 1
-0.51255 0.44751 -0.015654 -0.050536 -0.24448 1
-0.1078 -0.77716 -0.81376 -0.66392 -0.31898 1
0.10738 0.72993 1.1429 1.0063 0.25072 1
-0.19554 0.58949 0.60668 0.56116 0.020764 1
0.57564 -0.22718 -0.16853 -0.23961 0.34932 1
-0.16931 -0.31933 0.1521 0.25537 -0.25746 1
-0.27179 -0.30534 0.26879 0.35264 -0.26356 1
-0.058116 -0.033936 -0.58004 -0.60071 -0.02733 1
-0.29905 0.80591 0.35807 0.31107 0.054544 1
0.16758 -0.4488 -0.77689 -0.78547 -0.0040168 1
-0.33573 -0.40887 -1.0513 -0.96227 -0.33049 1
-0.74596 0.16517 0.28427 0.44164 -0.49579 1
-0.19369 0.49228 0.64914 0.72745 0.045934 1
-0.30114 -0.73941 -0.17487 -0.10295 -0.4455 1
-0.15643 -0.44005 0.21906 0.3291 -0.27377 1
-0.095861 1.0099 1.051 0.97228 0.22079 1
-0.2307 -0.84486 -0.85942 -0.7695 -0.38645 1
-0.36842 -0.63331 -1.0814 -1.0553 -0.41786 1
0.73287 -0.0059664 -0.08394 -0.16877 0.54591 1
-0.0055697 -0.30348 0.41109 0.50004 -0.075867 1
0.11311 -0.37516 -0.64509 -0.66623 -0.06451 1
-0.15304 -0.78874 -0.72935 -0.55182 -0.36286 1
-0.28332 -0.34565 -1.0476 -1.0354 -0.27525 1
-0.46896 -0.29563 0.056859 0.21334 -0.40177 1
0.16705 0.84751 0.82978 0.68538 0.34032 1
-0.6077 0.11743 -0.43881 -0.39612 -0.3498 1
-0.3365 -0.98492 -0.60961 -0.46323 -0.55538 1
-0.31651 -0.39676 -0.93987 -0.88334 -0.29599 1
0.062465 0.21385 0.62255 0.68851 0.1002 1
-0.38225 -1.0234 -0.96981 -0.74505 -0.58401 1
0.23964 -0.57411 -0.59032 -0.54082 0.010356 1
-0.18004 0.65778 0.89232 0.8621 0.02156 1
0.21796 0.018321 -0.45235 -0.52481 0.17265 1
-0.63378 -0.1764 -0.071342 -0.033092 -0.51144 1
0.33932 0.38633 0.029613 -0.029975 0.38792 1
-0.40228 0.15472 -0.37015 -0.41716 -0.18422 1
0.22919 -0.031114 0.50717 0.5807 0.12158 1
-0.25837 -0.85375 -0.55885 -0.52952 -0.45102 1
0.14119 0.76115 0.44295 0.34949 0.37167 1
0.60755 0.46407 0.15295 0.070785 0.55458 1
0.39355 -0.39325 -0.29417 -0.25263 0.16833 1
-0.39291 -0.85092 -0.89273 -0.74187 -0.49678 1
0.24724 -0.2564 0.36254 0.41951 0.092909 1
0.49009 0.32629 0.70624 0.69706 0.41909 1
0.2506 -0.14484 -0.56327 -0.53142 0.14519 1
0.39346 0.11199 -0.18885 -0.30246 0.34293 1
-0.14495 -0.61216 -0.25186 -0.18262 -0.30905 1
0.29647 0.41774 -0.12851 -0.17629 0.29549 1
-0.17414 -0.68701 -0.75271 -0.73346 -0.31826 1
0.19369 0.22012 -0.2595 -0.25052 0.26917 1
-0.14696 0.80427 0.87842 0.80451 0.098483 1
-0.21787 0.87575 0.59426 0.50694 0.12448 1
0.60332 0.29284 0.55676 0.55519 0.49454 1
1.0262 0.66005 0.65287 0.45664 0.9038 1
-0.44492 -1.057 -0.91628 -0.72684 -0.62956 1
0.47625 -0.4925 -0.40418 -0.41608 0.23875 1
0.38342 0.091673 -0.28902 -0.37893 0.33238 1
0.57926 -0.43442 -0.11404 -0.06106 0.25312 1
0.21785 0.97784 1.023 0.93724 0.44055 1
0.065158 -0.61057 0.066132 0.15208 -0.16909 1
0.47315 0.049388 -0.23473 -0.32556 0.37969 1
-1.0002 -0.67743 -0.92359 -0.7364 -0.88399 1
0.54685 0.30682 0.80861 0.79254 0.43336 1
-0.54219 0.32728 0.38715 0.45716 -0.31806 1
-0.56484 -0.0055497 -0.79361 -0.71955 -0.37748 1
-0.37253 0.76272 0.57536 0.50708 -0.023959 1
-0.33766 -0.32695 -0.49761 -0.53194 -0.30289 1
-0.2895 -0.33737 0.20428 0.32777 -0.35599 1
0.65791 -0.18526 -0.14933 -0.18635 0.39979 1
0.34127 -0.62035 -0.31703 -0.25955 0.085622 1
0.32161 0.74594 0.30531 0.22801 0.45971 1
-0.54901 -0.52945 -1.0743 -0.98455 -0.53553 1
0.087408 -0.30007 0.38467 0.40818 -0.055045 1
0.57911 0.54245 0.033021 -0.11213 0.58943 1
-0.21357 0.26877 0.65449 0.61804 -0.12247 1
-0.079461 0.2597 -0.54866 -0.5472 0.023402 1
-0.32751 -0.20939 0.29039 0.29782 -0.33542 1
0.42353 0.86681 0.8996 0.80305 0.55391 1
0.35919 -0.71788 -0.48133 -0.36724 0.030143 1
-0.19442 0.52342 0.58906 0.49066 -0.0039362 1
0.33538 -0.4624 -0.36276 -0.34523 0.13141 1
-0.45309 -0.77958 -0.80987 -0.74036 -0.5264 1
0.62071 0.73667 1.0674 0.95231 0.64092 1
0.27934 0.95812 0.98936 0.91637 0.45138 1
0.28926 0.67061 0.7384 0.72528 0.3781 1
-0.091044 -0.68355 -0.40747 -0.35957 -0.33428 1
0.66827 -0.57756 -0.3914 -0.37513 0.2439 1
-0.52098 -0.041102 -0.45566 -0.49147 -0.31176 1
-0.75456 -0.74398 -0.52687 -0.33814 -0.76524 1
-0.073072 0.11772 0.65865 0.71758 -0.062993 1
0.35878 -0.28944 -0.49761 -0.48519 0.1668 1
0.56898 -0.040307 0.098151 0.093282 0.41443 1
-0.68571 0.28915 0.31452 0.36192 -0.39652 1
-0.39752 0.21148 -0.36206 -0.36123 -0.17608 1
0.49841 0.40462 0.076116 -0.039081 0.48607 1
0.13184 0.67385 0.90288 0.8189 0.30019 1
-0.14944 -0.81822 -0.3356 -0.21136 -0.341 1
-0.32378 -0.098537 0.31007 0.41184 -0.3168 1
0.55825 -0.52799 -0.31667 -0.32961 0.22339 1
0.34682 0.18272 -0.48915 -0.49314 0.28871 1
-0.34432 0.10639 0.34661 0.35725 -0.2129 1
0.4511 0.11337 0.66476 0.65743 0.32173 1
-0.76692 -0.3227 -0.72489 -0.66702 -0.592 1
-0.2354 -1.0728 -0.81991 -0.72356 -0.5047 1
0.058422 -0.5549 -0.76622 -0.71437 -0.11327 1
-0.48057 -0.92885 -0.86541 -0.74431 -0.54891 1
-0.25576 -0.87711 -0.87428 -0.80362 -0.44023 1
-0.17626 0.54678 0.78333 0.75734 0.025038 1
-0.58356 -0.15251 0.0079099 0.0094334 -0.45581 1
0.51501 0.86555 0.5048 0.39496 0.59701 1
0.2423 0.39187 0.92643 0.89776 0.24807 1
-0.32612 0.56893 0.3811 0.38034 -0.10706 1
0.46396 1.0055 0.81762 0.70604 0.60579 1
0.51521 0.70587 0.13273 -0.015055 0.53689 1
-0.31392 0.0031482 -0.41131 -0.43565 -0.19371 1
0.57743 0.60464 0.68407 0.63914 0.59266 1
-0.41133 0.42907 -0.07351 -0.13815 -0.13731 1
-0.17502 0.39022 0.1605 0.056607 -0.0083489 1
0.42842 -0.20355 -0.43543 -0.45999 0.24864 1
0.11504 -0.23056 0.17847 0.26579 -0.0075413 1
-0.13658 0.1796 0.61541 0.59135 -0.095194 1
-0.23835 0.83563 0.71013 0.63408 0.047813 1
0.0091444 0.87969 0.40008 0.21877 0.27494 1
0.18816 0.75563 0.41121 0.37481 0.36052 1
0.35804 0.90252 0.77166 0.65685 0.52139 1
-0.19033 0.54914 0.76702 0.74656 0.022148 1
-0.63799 -0.60741 -0.16861 0.0087815 -0.60912 1
-0.32916 0.82319 0.26271 0.17915 0.066119 1
0.35612 -0.40922 0.23095 0.26854 0.087715 1
0.095408 -0.032421 -0.54534 -0.5581 0.053639 1
-0.26791 0.65235 0.75237 0.68433 -0.018351 1
0.13805 0.58002 -0.022291 -0.15761 0.2521 1
-0.42785 -0.7073 -0.47769 -0.40812 -0.51378 1
-0.13287 0.27961 -0.38227 -0.42993 0.013973 1
-0.22843 0.25363 -0.42452 -0.45883 -0.0072745 1
-0.08811 0.15038 -0.44719 -0.4837 0.02889 1
0.11833 0.93634 0.83527 0.71953 0.3259 1
-0.32969 0.034587 0.44901 0.50986 -0.26445 1
0.1721 -0.35728 -0.65442 -0.59321 0.060143 1
0.046293 -0.66022 -0.088418 0.015996 -0.17572 1
-0.092038 -0.8078 -1.0171 -0.8602 -0.30335 1
0.53459 -0.36423 -0.38669 -0.35102 0.27731 1
-0.17437 0.61026 0.61997 0.54173 0.013886 1
0.44244 0.30864 0.60321 0.61394 0.38748 1
0.58588 -0.22675 0.48844 0.38214 0.29912 1
-0.43227 -0.95213 -1.0029 -0.79534 -0.61013 1
-1.0129 0.22418 -0.145 -0.030599 -0.41675 2
-0.071877 1.1804 0.96967 0.65599 0.47978 2
0.83051 1.7456 1.1417 0.77728 0.99974 2
-0.090243 1.6037 0.4953 0.38233 0.36203 2
-0.00357 0.48148 -0.039678 0.031317 0.016575 2
1.0523 0.57646 1.1234 0.59531 0.88705 2
-0.42372 0.49495 -0.38944 -0.19458 -0.20576 2
1.0993 0.54168 0.63268 0.31227 0.80294 2
-1.2215 0.69387 -0.56726 -0.19409 -0.61245 2
-0.98584 0.053225 -0.51516 -0.32591 -0.50849 2
0.017757 0.38793 0.028022 0.092439 0.025284 2
-0.34162 1.0857 -0.024968 0.080889 -0.044675 2
-1.3079 0.47889 -0.4578 -0.18045 -0.61441 2
1.3153 1.1432 1.3273 0.88552 1.0956 2
0.47991 1.2356 1.2626 0.77632 0.82115 2
0.034802 1.3796 0.29444 0.25262 0.29614 2
-0.49904 0.30844 -0.43586 -0.20273 -0.27244 2
0.50354 1.3225 1.1605 0.70261 0.82271 2
1.232 1.345 1.2448 0.80481 1.1203 2
0.86244 1.8685 1.3064 0.8832 1.0416 2
0.47484 1.746 0.84535 0.60506 0.69482 2
-0.95121 -0.010746 -0.3078 -0.16791 -0.4644 2
-0.21741 0.25095 -0.16293 -0.047711 -0.12504 2
-0.80788 1.2758 0.0022344 0.093733 -0.11701 2
-1.1141 0.1542 -0.85114 -0.52043 -0.63402 2
-0.020741 0.40284 0.56467 0.33062 0.24806 2
-0.5728 -0.21277 -0.30425 -0.13903 -0.38773 2
-0.35028 0.84266 0.69546 0.48479 0.22783 2
0.70318 1.6833 1.2393 0.8125 0.94174 2
0.79098 0.67392 0.61482 0.42288 0.61176 2
0.54262 0.44058 0.87788 0.51981 0.54734 2
-0.66321 1.3564 0.28108 0.24138 0.072728 2
-1.0546 0.39627 -0.50685 -0.2221 -0.51944 2
0.20167 1.8804 0.70118 0.56593 0.57141 2
-0.50503 -0.12342 -0.30002 -0.1347 -0.35181 2
-0.81984 -0.060098 -0.69426 -0.46394 -0.52308 2
-0.12659 0.5514 -0.069813 0.035136 -0.040521 2
-1.1348 0.75387 -0.10351 0.050512 -0.39315 2
1.2522 1.3781 1.4186 0.88259 1.1511 2
1.3461 1.4112 1.4233 0.90505 1.2276 2
0.2736 1.1115 0.44556 0.41938 0.33937 2
1.0201 1.4934 0.83651 0.56222 0.90103 2
0.073834 0.99329 0.022517 0.10644 0.1502 2
0.71415 0.87819 1.1251 0.69975 0.73119 2
0.034736 0.39598 -0.011114 0.074226 0.049897 2
1.0781 0.74418 1.1103 0.60099 0.91317 2
-0.21215 0.19945 0.38274 0.21799 0.072937 2
0.76553 1.6185 1.2717 0.83778 0.9794 2
-0.041681 1.1112 0.9909 0.67996 0.43529 2
1.234 1.4095 1.4374 0.87364 1.1987 2
-0.67309 0.037478 -0.28249 -0.14667 -0.32339 2
-0.092244 0.27601 0.56328 0.28515 0.22465 2
-0.35275 0.34468 0.35884 0.27437 0.0008503 2
-1.1283 0.62403 -0.16746 0.034495 -0.46039 2
0.7696 0.60363 0.79461 0.52855 0.60833 2
-1.133 0.055563 -0.61307 -0.33447 -0.62061 2
0.65387 1.6995 0.89842 0.61463 0.77533 2
-0.82002 0.22235 -0.486 -0.21434 -0.49415 2
0.46007 0.97001 0.36562 0.31057 0.43714 2
0.89664 0.64149 1.2436 0.74452 0.87199 2
-0.11918 0.78734 0.69355 0.43904 0.31625 2
0.016729 1.6376 0.81516 0.62801 0.51826 2
0.091287 0.091269 0.044651 0.052624 0.063731 2
-0.26367 1.7215 0.5152 0.50459 0.2803 2
-0.039566 0.11123 0.30908 0.17232 0.13322 2
-0.33974 0.00084347 -0.019358 -0.05701 -0.092199 2
-0.48863 0.20117 -0.41923 -0.21895 -0.28177 2
0.7547 1.3749 1.3131 0.90744 0.90742 2
0.48515 0.18119 0.61666 0.33214 0.46694 2
0.10961 1.7176 0.43164 0.38091 0.45188 2
-0.23425 1.0365 -0.058276 0.09837 0.02529 2
0.41621 0.42471 0.25467 0.18432 0.29492 2
0.71818 1.8417 1.1682 0.7448 0.96719 2
1.0497 0.49447 0.73426 0.36856 0.79673 2
-0.11988 0.18961 0.32152 0.20956 0.093625 2
0.56245 0.53332 0.3023 0.17177 0.43104 2
1.1179 1.2561 1.2935 0.8009 1.0745 2
-0.96717 0.49848 -0.052727 0.097035 -0.35946 2
-0.79092 1.2039 0.09432 0.1851 -0.081201 2
-1.2582 0.12614 -0.56093 -0.29028 -0.67002 2
0.54558 0.71619 1.1444 0.72157 0.67259 2
0.20415 1.7643 0.9816 0.72529 0.65979 2
0.17266 0.18561 0.64245 0.40239 0.29202 2
0.8332 0.76928 1.0647 0.59844 0.80102 2
1.0669 0.76595 1.0923 0.7009 0.84697 2
1.112 0.98271 1.0227 0.63032 0.89928 2
-0.8767 1.0438 0.16802 0.17783 -0.099779 2
-0.12868 -0.19109 0.025497 0.035191 -0.1135 2
0.54125 0.21618 0.68372 0.38225 0.46194 2
0.4691 1.505 1.2006 0.80681 0.81862 2
-0.027738 0.97716 0.80966 0.50489 0.42826 2
1.1148 0.56918 1.2052 0.74761 0.89636 2
-0.61097 0.019522 0.020145 0.010893 -0.23448 2
0.35006 1.2027 1.3218 0.86724 0.73374 2
1.0549 0.87758 1.0098 0.61268 0.91733 2
-0.50765 1.0195 -0.15781 0.02875 -0.14653 2
0.097997 0.63297 0.82593 0.54417 0.3876 2
-0.92574 0.092814 -0.29513 -0.074116 -0.52235 2
-0.089758 1.4674 0.79204 0.57986 0.44602 2
-0.98386 0.10312 -0.23454 -0.12888 -0.44999 2
-0.74568 1.4318 0.158 0.22022 -0.023529 2
-1.1323 0.86245 -0.46864 -0.152 -0.51469 2
-0.89097 1.2248 0.038328 0.14157 -0.17335 2
0.8562 0.63902 0.43472 0.31552 0.59612 2
-0.0098199 0.24898 0.30083 0.14498 0.21491 2
-1.3222 1.0541 0.057956 0.19072 -0.41404 2
0.13275 1.6108 0.82308 0.62335 0.55355 2
0.14849 0.44548 0.2712 0.23082 0.13859 2
0.74505 1.1519 1.2477 0.7771 0.88695 2
0.92176 0.51504 0.87778 0.54822 0.69035 2
0.10364 1.6945 0.5543 0.4486 0.46058 2
0.6904 1.0593 0.664 0.40016 0.63106 2
-0.38143 1.4108 0.45741 0.41555 0.19365 2
0.23909 1.8007 0.64837 0.56557 0.56528 2
-0.29254 0.068148 -0.47964 -0.28414 -0.21404 2
-1.3756 0.76404 -0.23117 -0.0097663 -0.53284 2
0.50232 1.1109 0.39618 0.25512 0.5031 2
-0.56585 1.3689 0.00069472 0.11542 -0.045947 2
-0.92253 1.0429 0.13074 0.16379 -0.14078 2
0.93086 1.553 1.1585 0.74575 1.0058 2
1.0239 1.3552 1.2722 0.80908 1.0739 2
0.94835 1.7682 1.3768 0.88815 1.0781 2
0.64803 0.46057 0.76305 0.46709 0.55363 2
-0.50877 0.76424 -0.26058 -0.05715 -0.16909 2
0.99873 0.52629 1.0908 0.64393 0.86645 2
0.15182 0.84958 0.03252 0.030191 0.22076 2
-0.62556 0.30385 -0.50797 -0.25364 -0.34709 2
0.12486 1.6118 0.87085 0.60043 0.60991 2
0.96551 0.32535 0.91312 0.47669 0.78674 2
0.66937 0.60389 0.97327 0.55262 0.69885 2
0.25682 1.5982 0.66039 0.47517 0.58456 2
-0.24436 0.76226 -0.28121 -0.14225 -0.082722 2
0.7122 0.49465 0.58598 0.35811 0.50835 2
0.1712 0.099529 0.49641 0.2502 0.27972 2
1.1793 0.96429 1.2319 0.76464 0.99737 2
-0.43346 1.2822 0.14805 0.27639 -0.0019526 2
1.0201 1.6098 1.3967 0.90428 1.1051 2
0.6395 0.55235 0.62713 0.39132 0.53635 2
-0.18113 1.1109 0.61316 0.38766 0.31352 2
-0.38947 0.076869 0.12745 0.072866 -0.062889 2
0.5968 0.20133 0.47563 0.22007 0.45303 2
1.0924 0.63705 1.0413 0.56683 0.90695 2
0.23683 0.89561 0.10506 0.16459 0.26002 2
-0.96381 0.97753 -0.20308 -0.034937 -0.26341 2
-0.27355 0.27976 -0.27281 -0.1096 -0.19477 2
-1.3363 1.0093 -0.50514 -0.22919 -0.56224 2
0.63206 0.69822 0.67173 0.46424 0.52823 2
0.64978 1.1883 0.49103 0.32558 0.58546 2
-0.88143 -0.044926 -0.72178 -0.42234 -0.60437 2
-1.0266 0.34059 -0.20361 0.0075938 -0.46843 2
0.96853 1.4875 1.4406 0.897 1.1146 2
-0.94777 1.1549 0.09604 0.19002 -0.14252 2
0.08841 0.81882 -0.026531 0.071527 0.16002 2
0.38983 1.0888 1.2329 0.76845 0.70697 2
0.15936 1.202 0.978 0.60404 0.61199 2
-0.84171 0.36419 -0.047873 0.017741 -0.31103 2
0.51922 0.40549 0.43381 0.23538 0.40151 2
0.7275 0.30377 0.78733 0.48563 0.61683 2
0.90084 0.64622 0.70646 0.39604 0.72165 2
0.70576 1.6958 1.0556 0.70748 0.89841 2
1.1129 0.5441 1.0633 0.61332 0.88007 2
0.13604 1.144 0.26364 0.28365 0.26063 2
-0.43324 0.11799 0.091146 0.10521 -0.13723 2
-0.95625 0.21559 -0.38027 -0.23018 -0.43822 2
0.8706 1.6251 1.4355 0.97151 1.0689 2
-0.4931 1.861 0.65283 0.57875 0.27903 2
0.99577 1.5998 1.3897 0.90509 1.1106 2
-0.29045 1.6176 0.53062 0.47098 0.27995 2
-0.16186 1.0196 0.044322 0.14389 0.069568 2
0.83831 1.0979 1.0729 0.61219 0.9085 2
0.88052 0.58014 0.78254 0.46003 0.69051 2
1.0161 1.6626 1.4946 0.97629 1.1474 2
1.2094 1.7408 1.7065 1.1465 1.2628 2
0.50375 0.2403 0.38399 0.18461 0.39451 2
-0.12478 0.85375 0.025753 0.12085 0.071273 2
-0.93035 1.2206 -0.067578 0.085479 -0.23999 2
-1.1924 0.54795 -0.32537 -0.12174 -0.53305 2
0.17157 0.15831 0.69007 0.41553 0.31294 2
-0.43928 0.30376 -0.30702 -0.1191 -0.26383 2
0.36454 0.30788 0.3911 0.21631 0.28457 2
0.12318 0.30568 0.67137 0.46186 0.29053 2
0.0094136 1.1756 0.19576 0.23708 0.21213 2
0.84237 0.68771 1.192 0.71151 0.83797 2
-0.20637 0.087179 0.2216 0.065034 0.037241 2
0.64154 1.3209 1.3033 0.8685 0.87416 2
0.60468 0.25765 0.50133 0.31259 0.43707 2
0.81012 0.52901 0.94531 0.55378 0.70939 2
0.76095 0.73664 1.0789 0.63529 0.84416 2
0.48247 0.4968 0.28222 0.18849 0.3543 2
0.89484 1.14 1.4606 0.88387 1.0403 2
0.44495 0.33574 0.76708 0.49895 0.45948 2
-0.83121 1.3084 -0.01228 0.14775 -0.16803 2
-1.1879 0.97299 -0.23498 -0.02249 -0.45921 2
-1.002 0.41361 -0.23441 -0.03265 -0.39489 2
-0.66042 0.13816 -0.081156 0.0025657 -0.25347 2
-0.32364 1.2923 0.85889 0.60535 0.32788 2
-0.78012 0.19954 -0.035749 -0.040553 -0.27616 2
0.184 1.4814 0.34914 0.34776 0.38399 2
-0.37397 0.22513 0.21835 0.17431 -0.0399 2
0.3847 1.7849 1.0631 0.75763 0.78527 2
0.49202 0.92933 1.0894 0.64446 0.67263 2
-0.39902 0.70106 0.49018 0.343 0.12087 2
-1.2467 0.6312 -0.4943 -0.21031 -0.54579 2
1.1025 1.6936 1.4826 1.006 1.1528 2
-0.040665 0.17377 0.41001 0.23488 0.15172 2
-0.62974 0.87138 0.27388 0.192 -0.00022666 2
0.45894 1.7259 1.3437 0.9351 0.81325 2
1.0982 0.59021 0.81821 0.46453 0.80659 2
0.16483 1.9132 0.78107 0.63001 0.59687 2
-0.18092 1.481 0.74544 0.60884 0.4045 2
0.19542 0.15988 0.58177 0.37308 0.30955 2
-0.93872 0.35309 -0.0097989 0.095916 -0.37636 2
-0.38747 0.92492 -0.16358 -0.0077336 -0.056927 2
0.4746 1.5618 1.2307 0.82896 0.82764 2
0.67188 1.5389 1.4101 0.95298 0.94547 2
-0.69106 0.83736 0.25181 0.23163 -0.023698 2
0.29718 1.2283 0.90743 0.55993 0.65939 2
-1.0506 0.37424 -0.55975 -0.22337 -0.56162 2
-0.53078 0.32927 0.027443 -0.021036 -0.099896 2
0.030593 1.0235 0.93257 0.63164 0.46998 2
0.17933 0.19312 0.16493 0.15852 0.092569 2
-0.52647 0.72854 0.39279 0.27158 0.069185 2
0.11067 0.70091 0.77336 0.46998 0.47114 2
-0.070691 0.23703 -0.15956 -0.0829 -0.064775 2
-0.48008 -0.16797 -0.21286 -0.096301 -0.32989 2
0.44322 0.73174 0.36909 0.30333 0.34227 2
1.2691 1.5231 1.4945 1.0045 1.1776 2
-1.0797 0.90974 -0.14513 -0.050004 -0.30532 2
-0.098334 1.6241 0.45699 0.38249 0.3468 2
1.0464 1.189 1.4991 0.92042 1.0795 2
0.41011 0.32343 0.23646 0.18005 0.28242 2
0.53276 0.68044 0.30073 0.21296 0.42196 2
1.0473 1.4935 1.4432 0.94051 1.0968 2
-1.0656 0.14364 -0.62928 -0.34427 -0.59465 2
-0.86398 0.3404 -0.30477 -0.058241 -0.47014 2
-1.1593 0.67287 -0.58878 -0.305 -0.52748 2
-0.62106 0.061879 0.00095432 0.016398 -0.25898 2
1.1271 1.6508 1.3276 0.85755 1.1419 2
-0.12772 -0.22517 0.1298 0.066347 -0.070052 2
-0.77634 1.2421 0.10075 0.22365 -0.10031 2
0.25796 1.3978 0.52095 0.404 0.45498 2
-0.22414 1.5812 0.43742 0.4184 0.24607 2
0.87455 0.63964 0.9658 0.55223 0.75054 2
-0.41501 0.90093 -0.27607 -0.13744 -0.085721 2
-0.76258 -0.055111 -0.34879 -0.24943 -0.35754 2
-0.28731 0.70957 -0.26763 -0.11998 -0.076692 2
0.26161 1.505 1.063 0.69116 0.67789 2
0.31814 0.75583 0.69958 0.39692 0.56138 2
1.1329 0.6895 1.0416 0.65435 0.87954 2
-0.98852 0.023759 -0.51269 -0.25287 -0.59508 2
-1.0613 0.92325 0.077345 0.1603 -0.24238 2
-0.42797 1.6017 0.43162 0.41367 0.16758 2
-1.1245 1.0921 -0.23407 -0.055965 -0.35788 2
-0.094004 0.28082 0.50192 0.25601 0.19379 2
-0.10102 0.066312 -0.44468 -0.31162 -0.10705 2
0.13253 1.8495 0.73153 0.59456 0.56824 2
0.93001 1.6867 1.2921 0.89785 1.0204 2
-0.48173 0.1406 0.15798 0.10571 -0.094782 2
-1.1023 0.34317 -0.67367 -0.34988 -0.63862 2
0.76257 1.3066 1.1777 0.68547 0.92789 2
-1.1757 0.4203 -0.22596 0.0016528 -0.53468 2
-0.34347 1.1225 0.013374 0.2068 -0.047446 2
-1.0631 0.32228 -0.32193 -0.15219 -0.48107 2
0.48337 0.5303 0.75491 0.55625 0.45697 2
-0.48931 0.59149 0.26533 0.15706 0.026101 2
0.66914 1.7264 1.3221 0.8798 0.96222 2
0.19992 1.2181 0.85418 0.49906 0.6307 2
-0.14552 1.1206 0.098547 0.23646 0.084406 2
-0.49788 1.4663 0.45936 0.36811 0.20194 2
0.73715 0.71554 0.89999 0.56267 0.62373 2
-0.15257 1.6555 0.53238 0.44271 0.32079 2
1.1751 1.1656 0.9862 0.61943 0.98013 2
-1.0769 1.2024 -0.25619 -0.011574 -0.34126 2
-0.83952 0.77782 -0.43953 -0.16884 -0.38553 2
-0.91798 -0.11883 -0.6217 -0.37663 -0.58876 2
-0.3807 0.30242 -0.25995 -0.069177 -0.18261 2
0.47156 0.53424 0.99994 0.59323 0.63438 2
-0.41515 0.97814 -0.21049 -0.033716 -0.082257 2
0.067543 0.3203 0.46099 0.24491 0.32302 2
1.054 0.45949 0.97445 0.57997 0.80078 2
-0.34964 1.3458 0.58349 0.43946 0.25208 2
-0.76871 -0.16285 -0.53183 -0.3035 -0.51965 2
-1.1208 0.067037 -0.62033 -0.32835 -0.6144 2
1.0088 0.63932 0.98388 0.56661 0.81046 2
-0.69609 1.4072 0.34203 0.29788 0.056963 2
-0.33609 1.3148 0.84678 0.63982 0.33588 2
0.26542 1.0325 0.01338 0.032534 0.29824 2
-1.33 0.45258 -0.31931 -0.05725 -0.64984 2
-0.72381 1.1797 -0.17643 0.069832 -0.20826 2
0.016509 0.7863 0.25119 0.30285 0.10095 2
0.15237 0.070164 0.44164 0.20655 0.23356 2
0.15395 0.042334 0.25863 0.19277 0.11564 2
-0.53022 1.0266 -0.28475 -0.041623 -0.18934 2
-1.0009 -0.085062 -0.56349 -0.31279 -0.61213 2
1.0049 1.2748 1.4291 0.90036 1.0575 2
0.98088 0.72657 0.95661 0.48453 0.86995 2
-1.3312 0.13589 -0.40401 -0.16054 -0.71487 2
-0.37416 -0.028644 -0.091849 -0.06104 -0.17162 2
0.002971 1.2173 0.83825 0.51174 0.50112 2
0.383 0.32707 0.72205 0.42375 0.43268 2
0.072966 1.1038 0.84905 0.49211 0.50756 2
0.77215 1.6688 1.2448 0.80561 0.94926 2
0.88101 0.87461 0.52671 0.35238 0.70008 2
-0.9305 -0.078988 -0.59417 -0.29523 -0.58491 2
1.3058 1.1493 1.3264 0.87852 1.1143 2
-1.362 0.4434 -0.65993 -0.3338 -0.67952 2
-0.11759 0.65784 -0.14889 -0.042285 0.0016138 2
-0.038604 0.68798 -0.0027298 0.10435 0.038444 2
0.38603 0.31831 0.68166 0.37413 0.45561 2
-0.32554 0.076005 0.24092 0.10608 -0.026138 2
-0.23065 0.97934 -0.10541 0.060823 -0.0036221 2
-0.54252 1.8223 0.45498 0.48212 0.16497 2
-0.80907 0.22072 -0.49843 -0.24811 -0.43331 2
1.3837 1.6491 1.5127 0.92029 1.3158 2
0.56109 1.7342 0.92917 0.67124 0.79268 2
0.26817 1.6881 0.68412 0.55642 0.55059 2
1.2211 1.4547 1.3064 0.90191 1.1019 2
-0.34407 1.3659 0.74156 0.60902 0.29334 2
-0.76165 0.18636 -0.31417 -0.11024 -0.407 2
0.65534 0.25505 0.68782 0.35654 0.58196 2
-0.12654 0.99067 0.79054 0.55553 0.36888 2
0.0095059 1.5882 1.0478 0.79529 0.52995 2
0.64467 0.99335 0.67544 0.53832 0.56084 2
1.1511 1.5635 1.4913 0.97708 1.1821 2
1.2018 1.0811 1.4064 0.90176 1.0739 2
-1.2004 0.41689 -0.24707 -0.049678 -0.49344 2
1.1076 0.94787 1.0303 0.62751 0.8998 2
0.04407 1.2874 1.0306 0.64578 0.54302 2
-1.0203 0.55578 -0.56495 -0.23251 -0.54079 2
-0.8046 0.73247 -0.41255 -0.16177 -0.39337 2
-0.33243 0.77304 0.58993 0.38169 0.18608 2
0.55272 0.57601 0.92288 0.50113 0.62919 2
-1.0283 0.19691 -0.50016 -0.20263 -0.60228 2
-0.1165 -0.0035054 0.23231 0.066719 0.064692 2
-1.0563 0.83435 -0.36589 -0.0818 -0.45528 2
-0.19732 0.37025 0.47129 0.27073 0.13942 2
-0.1449 0.064176 0.26505 0.17086 0.032414 2
-1.0826 0.40538 -0.50199 -0.29736 -0.49531 2
1.0435 1.5182 1.274 0.81896 1.0407 2
1.0209 0.50019 0.74848 0.37777 0.75159 2
0.30604 0.39437 0.082878 0.076398 0.20023 2
0.68239 1.635 0.94367 0.64501 0.78964 2
-0.80512 0.55988 0.054347 0.03686 -0.17497 2
-1.1192 1.1693 -0.22765 -0.0058195 -0.37485 2
0.099618 0.23643 0.60526 0.32292 0.26256 2
-0.84853 0.041832 -0.31903 -0.16981 -0.41083 2
-0.072497 1.7323 0.57095 0.51147 0.45692 2
-0.46307 1.47 0.32878 0.38057 0.095778 2
-0.85122 1.3155 -0.078603 0.11489 -0.22976 2
-0.81327 1.4112 0.31879 0.36282 -0.039229 2
0.54811 1.6387 1.1525 0.76356 0.83087 2
-1.11 0.69063 -0.28724 -0.10473 -0.40331 2
-0.069578 0.39056 -0.11978 -0.042795 -0.02421 2
1.1474 1.6638 1.5296 0.97318 1.1891 2
0.45003 0.47192 0.44226 0.35749 0.33212 2
0.22873 1.4068 1.0998 0.72697 0.65468 2
0.22179 1.5471 0.50722 0.39956 0.48575 2
-0.53713 -0.013624 -0.0573 -0.013717 -0.25798 2
0.54627 1.2616 1.2283 0.75146 0.85132 2
1.3828 1.0947 1.1976 0.68933 1.1553 2
-0.52925 -0.1423 -0.15385 -0.12063 -0.26303 2
1.078 1.487 1.2583 0.86545 1.0094 2
-0.027659 0.92174 0.88744 0.59674 0.38837 2
0.65398 0.40795 1.0169 0.61752 0.62135 2
-0.68952 0.014682 -0.073456 -0.059664 -0.28079 2
1.1633 0.96515 1.071 0.61721 1.0116 2
0.07174 1.7787 0.56546 0.49364 0.44527 2
-0.50706 1.3602 0.60822 0.50237 0.17217 2
-0.78651 1.2842 0.15544 0.22507 -0.092955 2
-0.62185 0.091735 -0.1352 -0.10843 -0.22692 2
0.16947 0.99077 1.0109 0.62662 0.59187 2
-0.075736 1.68 0.4252 0.3232 0.36949 2
0.22061 1.7174 0.79601 0.62518 0.53439 2
-0.40559 0.062081 -0.0093719 -0.042937 -0.10592 2
0.99168 1.7965 1.4819 0.99654 1.1479 2
-0.7409 0.96847 0.24371 0.23706 -0.047551 2
-0.37158 1.4681 0.10419 0.18697 0.11435 2
-0.17867 0.78719 -0.098874 -0.019993 0.0047341 2
-1.1407 0.48835 -0.24979 -0.036081 -0.4704 2
-1.1162 0.79125 -0.38458 -0.1444 -0.43333 2
-0.83298 1.1577 -0.051419 0.14298 -0.21505 2
-1.1522 0.97112 -0.31921 -0.15609 -0.39419 2
0.18098 1.2188 0.92955 0.58278 0.55757 2
1.1418 1.6496 1.2617 0.80434 1.1202 2
0.36935 1.6984 0.99528 0.70524 0.67137 2
-0.023251 0.1002 0.35815 0.20581 0.19097 2
-0.32486 1.0261 0.54797 0.40167 0.21299 2
0.09102 0.44383 -0.073529 -0.0096112 0.061602 2
1.0186 0.63962 0.95758 0.57522 0.82784 2
-0.72356 0.43133 0.16287 0.074604 -0.14967 2
0.69527 0.52368 0.46911 0.31266 0.50327 2
0.55248 1.2717 0.48858 0.35656 0.60976 2
0.14088 0.85957 0.86999 0.50533 0.50846 2
-0.3224 1.227 0.71467 0.53426 0.27813 2
-0.30317 1.433 0.32257 0.38652 0.15655 2
0.49299 0.26951 0.76377 0.41258 0.51013 2
-0.46108 -0.044088 -0.0067486 0.023423 -0.18251 2
-0.85592 1.3366 0.064636 0.13886 -0.099774 2
-0.31578 -0.20194 -0.21891 -0.13272 -0.27044 2
-0.64024 0.79867 -0.27209 -0.062891 -0.27538 2
-0.81763 0.82368 -0.29978 -0.069202 -0.32331 2
-1.3854 0.54837 -0.59382 -0.32081 -0.64652 2
-0.33922 1.6951 0.4197 0.44075 0.23313 2
-0.62659 1.2375 0.29866 0.2499 0.051094 2
1.1591 1.2305 1.2644 0.75616 1.1003 2
-0.2736 1.0153 0.54784 0.32394 0.2826 2
0.13813 1.1234 0.83797 0.49718 0.55423 2
0.22379 0.98601 1.0983 0.70513 0.58443 2
-1.1734 0.51655 -0.29499 -0.066626 -0.51856 2
0.22152 1.6961 1.0429 0.74769 0.629 2
-0.71274 0.065615 -0.38999 -0.21844 -0.39996 2
-0.6561 0.0061468 -0.1954 -0.10094 -0.30079 2
0.54172 1.6611 1.3039 0.85404 0.89419 2
0.16082 0.11213 0.30377 0.1473 0.20017 2
-1.248 0.55668 -0.31436 -0.10196 -0.56177 2
0.79194 0.76887 0.60066 0.36427 0.60085 2
-0.2291 1.6929 0.7654 0.61494 0.37627 2
0.73213 1.4055 1.1935 0.76678 0.90881 2
0.18437 0.30779 -0.14366 -0.1348 0.082102 2
0.97638 1.2937 1.1054 0.65592 0.96413 2
-1.1 0.26891 -0.52052 -0.22802 -0.59642 2
-0.42829 1.4898 0.13788 0.21689 0.088712 2
-0.091851 1.5175 0.37411 0.36371 0.28768 2
-0.75325 -0.15436 -0.62028 -0.37847 -0.50997 2
1.0456 1.4057 1.0838 0.73515 0.95967 2
-1.1869 0.029154 -0.73246 -0.38647 -0.68947 2
0.33571 0.38015 0.75063 0.39246 0.43538 2
-1.1383 0.0067587 -0.58775 -0.33212 -0.65393 2
-0.49423 0.44931 0.30993 0.20645 0.0043602 2
0.41466 1.9252 1.0225 0.71022 0.79157 2
-0.11404 0.4226 -0.36505 -0.20204 -0.052228 2
-0.87919 0.88095 -0.36784 -0.10852 -0.36666 2
-0.21732 1.3694 0.24487 0.26271 0.20744 2
-0.23907 -0.18213 -0.0074646 -0.0057305 -0.12609 2
-0.86102 -0.2346 -0.63807 -0.37342 -0.58183 2
-0.58591 1.5965 0.33579 0.3249 0.094448 2
-0.27843 0.41225 -0.15632 0.0078012 -0.13558 2
1.191 0.76126 1.2891 0.75262 1.0252 2
0.27638 1.5246 0.53721 0.46667 0.46509 2
-1.0759 0.50915 -0.067955 0.061603 -0.39853 2
-0.52911 0.63168 0.45869 0.31858 0.032191 2
0.4524 0.46997 0.21272 0.15605 0.31575 2
0.9842 0.60511 0.94589 0.55218 0.81866 2
-1.1401 0.52475 -0.39854 -0.22434 -0.44631 2
-1.108 1.0344 -0.05956 0.13162 -0.34922 2
-0.78854 1.484 0.097525 0.16368 -0.069559 2
0.39739 1.6627 0.77916 0.52179 0.70181 2
-0.18022 0.60509 0.61424 0.39198 0.20687 2
-0.85644 0.21797 -0.54289 -0.25101 -0.51498 2
-0.4698 1.431 0.19109 0.22816 0.073058 2
-0.93297 0.45531 -0.51208 -0.17947 -0.52717 2
1.269 1.6179 1.554 0.96194 1.3063 2
-0.21866 1.6079 0.4232 0.40854 0.25538 2
-0.54036 -0.16501 -0.36418 -0.19019 -0.39446 2
1.2137 1.433 1.3681 0.87793 1.1237 2
0.0095394 0.95022 0.038379 0.074976 0.13354 2
1.1166 1.6824 1.3922 0.94784 1.0906 2
-0.57143 0.13016 -0.47742 -0.23359 -0.35546 2
0.35714 0.024711 0.53884 0.33774 0.31023 2
-0.92727 0.11446 -0.33066 -0.16956 -0.46763 2
0.32999 0.80663 0.35155 0.28827 0.34718 2
0.087641 1.6587 0.45245 0.30643 0.47047 2
0.58185 0.29886 0.26158 0.13417 0.36636 2
-0.33881 0.099521 -0.3933 -0.23604 -0.26743 2
-1.0852 -0.1325 -0.33769 -0.14477 -0.60073 2
-0.87422 0.79126 -0.29459 -0.057743 -0.37115 2
-1.0918 0.68756 -0.30422 -0.054725 -0.46215 2
0.13763 1.6143 0.92232 0.64126 0.60738 2
-0.56741 0.75463 -0.37181 -0.14974 -0.23425 2
0.3301 0.77595 0.063338 0.053017 0.26858 2
0.15423 1.2851 0.94435 0.64438 0.60975 2
-0.19875 1.3855 0.006619 0.056846 0.19286 2
1.2641 0.96945 1.2261 0.74244 1.0306 2
0.79723 1.8281 1.015 0.67094 0.93339 2
-0.21497 -0.011334 -0.0053398 -0.027274 -0.078668 2
1.1781 1.5999 1.5352 0.97821 1.1695 2
0.39524 1.6895 0.92937 0.59534 0.79415 2
1.0049 1.1725 0.91817 0.6237 0.8399 2
-0.51594 -0.11216 -0.08566 0.0065789 -0.29072 2
0.36078 0.16578 0.4523 0.25463 0.30722 2
0.25979 1.5979 0.59733 0.44837 0.5789 2
-0.74901 0.21887 -0.45545 -0.19815 -0.44011 2
0.3445 1.9025 0.7077 0.5659 0.65034 2
0.71631 1.5941 1.3058 0.87105 0.98924 2
1.1627 1.4886 1.0261 0.70182 1.0378 2
-1.2501 0.20835 -0.67107 -0.35277 -0.67021 2
0.76001 2.001 1.261 0.84499 1.0298 2
-0.14158 0.10405 0.14889 0.10956 0.010078 2
0.039192 0.18045 0.44698 0.25319 0.2213 2
1.1085 1.0082 0.76373 0.43079 0.89151 2
0.13735 0.20859 0.070033 0.055601 0.087146 2
-1.128 -0.045713 -0.66523 -0.40179 -0.66835 2
0.016344 -0.14442 0.11699 -0.021422 0.056187 2
1.1783 1.5547 1.326 0.82572 1.182 2
0.10419 0.59215 0.76472 0.41733 0.42054 2
0.9608 0.54759 1.073 0.72237 0.74661 2
-0.78478 0.65459 -0.34288 -0.070691 -0.40649 2
0.38421 0.38342 0.405 0.28714 0.32225 2
1.367 1.4607 1.6225 1.0812 1.2414 2
-0.16836 0.14056 0.30472 0.19345 0.077774 2
-0.32754 0.084435 0.031024 -0.012622 -0.077576 2
0.78602 0.95284 0.64984 0.45236 0.65004 2
-0.1991 0.85037 -0.13364 0.026457 -0.0099047 2
1.0982 0.74248 1.1023 0.64151 0.89009 2
0.25924 0.30617 0.52316 0.25334 0.35797 2
-1.0377 0.91761 -0.1228 -0.036571 -0.2951 2
0.47077 1.3832 1.1324 0.75461 0.77877 2
-0.72306 1.1985 0.23541 0.22786 -0.056436 2
-0.92583 0.047136 -0.62475 -0.33248 -0.54818 2
0.1834 0.20002 0.2137 0.069625 0.18062 2
1.1114 1.7543 1.6705 1.1324 1.2459 2
1.0704 0.889 1.12 0.723 0.90163 2
-0.017834 0.081064 0.18076 0.074674 0.075591 2
-1.0514 0.015784 -0.72001 -0.36042 -0.64119 2
0.89059 1.5924 1.2574 0.83502 0.99673 2
1.29 0.83795 1.1987 0.80176 1.0173 2
-0.96516 1.0166 -0.00090105 0.068427 -0.22509 2
-0.20707 1.713 0.53944 0.43242 0.35863 2
-0.079233 0.25069 -0.12562 -0.063484 -0.02862 2
0.45164 1.5383 0.65025 0.56883 0.59091 2
-1.0192 0.21704 -0.61032 -0.34559 -0.51834 2
-1.2986 0.9225 -0.20644 0.028689 -0.51075 2
0.11919 1.6331 0.47317 0.40067 0.44424 2
-0.48253 0.67337 0.45984 0.33016 0.087409 2
-0.18334 1.6345 0.69066 0.53072 0.39413 2
0.31603 0.74759 1.0229 0.63676 0.57188 2
0.47301 1.8612 0.98374 0.71248 0.78653 2
-0.34551 0.27641 -0.27202 -0.12328 -0.22086 2
0.63534 1.8473 0.9995 0.73205 0.85773 2
1.0443 0.76028 0.99045 0.64558 0.82227 2
-0.39062 0.061992 0.06923 0.046378 -0.15361 2
0.92154 0.5167 0.42214 0.21354 0.6337 2
-0.52899 1.2575 -0.010137 0.14499 -0.032453 2
-0.088069 0.29434 0.53099 0.36527 0.17154 2
-0.52875 1.1708 0.56651 0.46477 0.12446 2
-0.81404 1.3802 0.12801 0.22896 -0.11449 2
-1.1964 0.80203 -0.53917 -0.27275 -0.50241 2
-0.7957 1.2607 0.064671 0.15044 -0.089633 2
0.29484 1.1705 0.35676 0.32173 0.36994 2
0.97738 1.7145 1.1066 0.81283 1.0001 2
1.0319 1.512 1.2662 0.84296 1.0021 2
-0.54767 0.96233 0.25657 0.17911 0.044389 2
0.74878 0.54514 0.75344 0.48081 0.58322 2
1.2265 0.69317 0.95067 0.52649 0.95909 2
0.69581 0.43968 0.60347 0.3816 0.51844 2
0.49617 1.6263 1.0779 0.69621 0.78941 2
0.21649 1.6515 0.5847 0.48202 0.49592 2
0.30129 -0.047202 0.38898 0.20886 0.23767 2
1.3285 1.541 1.2295 0.75428 1.1934 2
-1.1389 0.23638 -0.69697 -0.40232 -0.62733 2
0.28402 0.75983 1.0226 0.66417 0.55681 2
-0.24907 0.34726 -0.25598 -0.12334 -0.12719 2
-0.40517 1.4323 0.23141 0.26993 0.063254 2
1.2463 1.0705 1.2441 0.81155 1.0292 2
1.4277 1.2053 1.2895 0.83073 1.1727 2
-0.94128 0.19667 -0.38181 -0.18783 -0.42575 2
-0.49557 1.1583 -0.12589 0.07365 -0.086062 2
-0.50802 1.7373 0.45216 0.43304 0.18282 2
0.54641 0.14403 0.68958 0.36805 0.47799 2
0.78415 0.46027 0.89844 0.52737 0.66462 2
-0.076842 0.64594 -0.13398 -0.031923 0.021553 2
-0.3227 1.1655 0.67067 0.4854 0.2888 2
-1.2143 0.8256 -0.16166 -0.01292 -0.43014 2
0.0078774 1.2475 0.96352 0.69443 0.49059 2
0.91156 0.74734 0.65468 0.42986 0.6673 2
-0.63632 0.17924 -0.36613 -0.12059 -0.38646 2
0.89063 0.37386 0.90188 0.51304 0.73073 2
1.0155 1.6416 1.3481 0.88788 1.087 2
0.17881 1.3991 0.35316 0.34802 0.40714 2
-0.68572 1.086 -0.12326 -0.030882 -0.1221 2
0.76265 0.78683 1.3067 0.87111 0.82117 2
-0.96969 0.12957 -0.44413 -0.21053 -0.48677 2
-0.93131 0.93412 0.12799 0.18182 -0.1566 2
0.86128 0.45671 0.83292 0.40121 0.74507 2
0.43853 1.7081 0.92531 0.69223 0.6968 2
0.18763 1.3238 0.42881 0.34413 0.37258 2
0.646 0.61255 0.32274 0.19321 0.47156 2
0.026981 0.23349 0.40735 0.23397 0.19459 2
-0.88999 0.21403 -0.14639 -0.10146 -0.35498 2
0.76089 0.60445 1.2301 0.76751 0.7549 2
-0.79169 0.47115 -0.8369 -0.54103 -0.44496 2
-0.66273 1.3906 0.28023 0.28463 0.026187 2
-0.081135 -0.11198 0.12648 0.039032 0.014009 2
1.3376 0.87776 1.3401 0.80589 1.1021 2
0.015601 0.69303 -0.021972 0.067433 0.099046 2
0.85452 0.4974 0.44813 0.20222 0.58364 2
-0.55698 0.71325 -0.24665 -0.030054 -0.23317 2
0.38746 1.7271 0.92448 0.61043 0.72232 2
0.2496 1.4279 1.2054 0.8244 0.68468 2
-1.0286 0.72356 -0.40889 -0.1553 -0.46467 2
1.2486 0.60573 1.0753 0.70886 0.9212 2
-0.36117 1.5053 0.26852 0.30182 0.15583 2
0.83132 1.528 0.99006 0.63833 0.87319 2
0.90408 1.1949 0.94935 0.62247 0.79735 2
0.062583 1.3763 0.31908 0.31835 0.32944 2
-1.098 0.43192 -0.47564 -0.19761 -0.52647 2
-0.57546 1.575 0.25774 0.31013 0.044809 2
-0.31185 1.3455 0.69127 0.49383 0.32534 2
0.68809 1.4658 1.2917 0.83363 0.92016 2
-0.66741 1.3518 0.31435 0.40491 -0.038415 2
-0.13229 0.32011 0.49425 0.31745 0.17279 2
1.4503 1.4793 1.497 1.006 1.2531 2
-0.23364 1.212 0.11792 0.20108 0.13651 2
-0.25897 0.22525 0.42294 0.23033 0.051567 2
-0.62454 0.016275 -0.17949 -0.091814 -0.3019 2
0.051225 0.15573 -0.088573 -0.052643 0.032349 2
-0.9984 1.178 -0.13877 -0.0046963 -0.2311 2
-0.70877 1.3812 0.30052 0.32349 0.0086887 2
0.77772 1.3927 1.1667 0.74166 0.92136 2
-0.39038 1.5307 0.073546 0.18079 0.090969 2
-0.15843 0.096015 0.028551 0.074713 -0.072686 2
-0.53627 0.93035 -0.28865 -0.060041 -0.11157 2
-0.33193 1.3414 0.58246 0.47118 0.26161 2
0.027262 0.8311 -0.0080671 0.11828 0.081826 2
-0.074366 0.45881 0.037422 0.09121 -0.02255 2
-0.93652 1.2302 0.043371 0.17499 -0.16603 2
-0.93856 0.94601 -0.061508 0.074473 -0.24475 2
-0.6412 0.9082 -0.26035 -0.067109 -0.21978 2
0.52468 0.42213 0.64921 0.3404 0.52702 2
0.90755 0.79199 1.2828 0.77867 0.92936 2
0.40951 1.7261 1.0248 0.73106 0.73182 2
-0.38835 0.19049 -0.4525 -0.23758 -0.28485 2
0.57692 0.72654 0.43249 0.29873 0.45358 2
0.19201 1.5922 0.9563 0.61206 0.69388 2
-0.13271 0.28541 0.47762 0.2609 0.199 2
0.77226 1.5211 1.425 0.95126 0.96941 2
-0.4173 0.078837 -0.37536 -0.19857 -0.29735 2
0.80161 1.5705 1.1531 0.77777 0.94882 2
0.47877 1.2786 1.2927 0.85344 0.82995 2
1.2181 1.2189 1.3623 0.7806 1.1301 2
-0.73621 0.7179 -0.32325 -0.08008 -0.37504 2
1.6437 1.4571 1.5432 1.0009 1.3768 2
-0.44513 1.6719 0.41872 0.41656 0.18587 2
1.0425 1.3731 1.1364 0.80349 0.94652 2
1.1728 1.7109 1.251 0.7584 1.1612 2
-0.71724 0.39991 -0.53264 -0.28797 -0.3786 2
-1.019 0.9732 0.0067427 0.069373 -0.24737 2
-0.53229 0.35865 0.18647 0.088117 -0.077825 2
-0.68124 1.2316 0.12762 0.18198 -0.012238 2
0.91446 1.0797 1.3926 0.89852 0.95469 2
0.64129 1.7526 1.2053 0.84064 0.90988 2
-0.38076 1.3671 0.45977 0.41013 0.19371 2
1.0585 1.2045 1.0471 0.60566 0.93734 2
1.0904 1.7997 1.6293 1.0669 1.2202 2
0.95958 0.85241 1.1087 0.69969 0.89966 2
1.2773 0.92238 1.2117 0.76113 1.0297 2
-1.1299 0.16524 -0.57561 -0.2527 -0.66518 2
-0.29609 0.75103 -0.15379 -0.023056 -0.060142 2
0.80371 1.4877 1.4439 0.9388 1.0027 2
1.4044 1.3074 1.426 0.88172 1.2516 2
-0.88379 0.42766 -0.20407 -0.025043 -0.36609 2
-1.3885 0.7109 -0.58327 -0.28126 -0.62039 2
1.0093 1.3698 1.4004 0.85725 1.0404 2
0.40282 0.61826 0.8676 0.54356 0.54553 2
0.29336 1.0518 0.98071 0.58479 0.63959 2
0.98669 0.57707 1.0218 0.72155 0.76021 2
-0.64984 1.2992 -0.029068 0.13689 -0.077646 2
-0.75424 1.3198 -0.12469 0.030148 -0.1349 2
0.43525 1.2595 1.1039 0.67038 0.75874 2
-0.02192 1.0469 -0.032937 0.02933 0.13049 2
0.8738 1.3809 0.75899 0.51417 0.82134 2
-1.0788 0.12214 -0.64586 -0.38033 -0.58963 2
-0.32103 -0.2559 -0.15028 -0.11208 -0.21054 2
1.109 0.86535 1.1593 0.70016 0.9509 2
1.4859 1.1179 1.2775 0.74487 1.2412 2
-0.77446 -0.019521 -0.32894 -0.16834 -0.38959 2
-0.56227 0.82524 0.34495 0.27624 -0.00016277 2
1.1874 1.4147 1.5363 0.93211 1.2229 2
0.83113 1.8442 1.223 0.79468 0.99764 2
1.0381 0.55166 1.0301 0.60132 0.79142 2
-0.53538 -0.089962 -0.20195 -0.16293 -0.25536 2
0.6224 1.2115 1.2475 0.77219 0.83739 2
0.60441 1.5566 0.90071 0.65603 0.71625 2
-0.99071 1.0422 -0.025398 0.091324 -0.28261 2
0.77671 0.44078 0.97081 0.56638 0.70964 2
-0.13345 0.34557 -0.1453 -0.04257 -0.076636 2
1.1525 0.78841 1.3711 0.83495 1.0329 2
-1.2988 0.4558 -0.67316 -0.29114 -0.66543 2
-0.36684 0.355 0.20785 0.13017 0.010586 2
-1.3634 0.37652 -0.55075 -0.25991 -0.70914 2
0.84867 0.64691 0.70476 0.45927 0.64853 2
-0.1552 0.67182 0.073518 0.18573 -0.011261 2
0.93222 0.38619 0.67696 0.38749 0.66107 2
0.10685 -0.030384 0.33302 0.21415 0.10858 2
-0.53138 1.3873 0.49843 0.41496 0.18875 2
-0.46871 1.7248 0.54597 0.51345 0.20625 2
0.90989 0.60028 0.79398 0.53597 0.66044 2
0.015191 0.19058 0.42273 0.25491 0.19016 2
-0.45519 -0.19924 -0.23878 -0.11298 -0.30887 2
-0.046145 0.94585 -0.040786 0.030245 0.10332 2
-0.45594 0.21982 -0.37285 -0.20509 -0.26776 2
0.39099 0.36724 0.70526 0.43433 0.45361 2
0.16027 0.99617 0.095988 0.085861 0.25146 2
-0.51773 0.47213 0.29364 0.20068 -0.029616 2
0.65672 1.3481 0.81689 0.54655 0.71712 2
0.033959 1.5774 0.31008 0.31297 0.34144 2
1.2251 0.61984 0.90644 0.52952 0.90831 2
-0.84021 0.75506 -0.4744 -0.17581 -0.42617 2
0.056607 1.8535 0.95588 0.74534 0.53014 2
1.1917 1.5681 1.4766 0.9815 1.1633 2
0.44669 1.1917 0.41111 0.33124 0.49866 2
-0.1746 0.29861 0.3787 0.22148 0.09988 2
-0.3016 1.4548 0.046683 0.072343 0.11276 2
-0.082993 0.38327 0.68576 0.44967 0.21899 2
0.086334 0.76022 0.10239 0.14112 0.12927 2
-0.60229 1.0205 0.54555 0.41103 0.07132 2
1.1812 0.86746 1.166 0.65092 1.0139 2
-0.79425 0.90951 -0.080127 0.13126 -0.24216 2
1.0612 1.5101 1.3352 0.82728 1.0807 2
-0.10591 0.73886 -0.20066 -0.052399 0.037314 2
0.76122 0.33005 0.55345 0.29035 0.56813 2
-0.14398 1.6896 0.73795 0.57125 0.44914 2
-0.91517 1.0432 -0.31004 -0.094181 -0.32992 2
-0.055574 1.5338 0.31628 0.32747 0.26779 2
-1.0111 0.334 -0.47182 -0.16659 -0.54267 2
0.74481 1.8268 1.2457 0.84005 0.97507 2
-0.75715 0.11403 -0.24645 -0.15265 -0.30881 2
-0.82673 -0.074304 -0.62765 -0.38008 -0.54619 2
1.063 1.6908 1.5441 1.0308 1.142 2
0.0069521 0.94216 0.82324 0.55495 0.40831 2
-0.93676 0.086421 -0.49292 -0.23384 -0.51024 2
-0.80322 1.0993 0.24093 0.3478 -0.19103 2
-0.19253 1.481 0.19915 0.28999 0.16926 2
0.78203 0.31282 0.46501 0.2322 0.55051 2
0.16309 1.0516 1.071 0.65491 0.61203 2
1.0534 1.2316 1.2627 0.71002 1.0638 2
-0.43257 -0.076573 -0.073915 -0.088104 -0.18313 2
-0.045524 1.0759 0.92274 0.59983 0.44746 2
-0.20643 1.5918 0.47361 0.44725 0.25678 2
0.60518 1.3941 1.244 0.78218 0.92341 2
1.1992 0.86396 1.0355 0.61155 0.96961 2
1.3205 0.93267 1.4735 0.86249 1.1831 2
0.92832 0.96537 0.95672 0.60927 0.80699 2
0.35113 1.6265 1.0997 0.7521 0.7023 2
0.87415 0.3506 0.85145 0.46493 0.73576 2
0.12489 0.15257 0.51455 0.3022 0.26756 2
-1.242 0.58224 -0.574 -0.23126 -0.61747 2
-0.81453 1.0987 0.26366 0.2266 -0.039491 2
-0.84149 0.23285 -0.11318 -0.02106 -0.33877 2
0.51252 1.0772 0.34825 0.29852 0.47872 2
-1.1606 -0.098927 -0.80145 -0.44882 -0.75993 2
-0.086333 0.72656 -0.12039 -0.021466 0.024623 2
-0.65668 0.9662 -0.2701 -0.092633 -0.17498 2
-0.65914 1.18 -0.24817 -0.092567 -0.15098 2
1.4075 0.97926 1.2604 0.76212 1.1247 2
-1.3127 0.70072 -0.54718 -0.21755 -0.5779 2
-0.56836 -0.057741 -0.051321 -0.038697 -0.24476 2
-1.1242 0.35997 -0.48602 -0.21333 -0.57797 2
-0.93409 0.83599 0.16227 0.21512 -0.21173 2
-0.11052 0.14705 0.18679 0.068895 0.092154 2
-0.41716 0.45892 -0.46603 -0.27309 -0.25027 2
0.084949 0.29731 -0.16143 -0.15101 0.040165 2
-1.3378 0.86656 -0.29477 -0.048928 -0.48852 2
-1.3367 0.39604 -0.31823 -0.098026 -0.62994 2
-0.92517 0.020994 -0.55768 -0.35736 -0.49314 2
-0.22405 1.5818 0.40189 0.38595 0.26997 2
0.95512 1.4738 0.81843 0.52072 0.92882 2
0.54629 0.018839 0.27952 0.104 0.34864 2
-0.38027 1.0238 0.61075 0.37649 0.21423 2
-0.88397 0.63199 0.33498 0.32724 -0.18648 2
-1.1524 1.2606 0.0043878 0.17377 -0.31356 2
0.68574 0.24904 0.78839 0.44281 0.54408 2
-0.065704 1.6444 0.57979 0.50189 0.35279 2
-0.14701 1.1676 0.6064 0.37039 0.39836 2
-0.268 1.4774 0.16684 0.2306 0.19041 2
0.45801 0.11692 0.556 0.28102 0.3792 2
0.10644 0.83773 0.046167 0.068188 0.19057 2
-0.2655 1.0756 0.69127 0.46151 0.2845 2
-0.8269 1.1962 -0.11926 0.048647 -0.23963 2
0.19866 0.64628 0.14225 0.14586 0.18015 2
-0.25877 1.2139 0.039246 0.16249 0.05271 2
0.066223 0.50013 0.68275 0.43777 0.31139 2
-1.1681 0.72963 -0.56169 -0.26711 -0.52053 2
-0.3606 1.0626 0.68499 0.51099 0.21844 2
0.84692 0.70237 0.79104 0.52831 0.65343 2
0.56676 0.84074 1.0613 0.63455 0.70412 2
0.19703 0.53846 -0.073772 -0.05283 0.17267 2
0.34798 0.99583 0.87908 0.49216 0.64325 2
0.24732 0.77179 0.029196 0.10219 0.2191 2
-0.86872 0.15426 -0.21511 -0.096045 -0.39392 2
-0.93019 0.14254 -0.5317 -0.26013 -0.49348 2
1.1313 0.43727 0.99728 0.57295 0.80465 2
0.59405 0.96251 0.44238 0.34338 0.51689 2
-1.3879 0.75666 -0.39602 -0.10286 -0.59153 2
-0.34193 0.091849 -0.31073 -0.15533 -0.21461 2
-1.1448 0.017422 -0.46056 -0.20215 -0.65534 2
0.22172 0.69012 0.050496 0.089765 0.22868 2
0.90688 0.64193 0.79269 0.51902 0.68404 2
-0.9915 0.89556 -0.24877 -0.038581 -0.36091 2
-0.62922 -0.19746 -0.20226 -0.19162 -0.30329 2
0.19853 1.8849 0.624 0.53695 0.52371 2
-0.60427 1.1192 0.42794 0.33946 0.067504 2
0.52206 0.87699 1.2199 0.73621 0.74936 2
-0.059533 0.044574 0.38832 0.20437 0.12364 2
0.99239 0.33354 0.70642 0.35949 0.70055 2
-0.87295 0.74997 -0.012159 -0.0026687 -0.1894 2
0.88604 1.8451 1.3219 0.90606 1.0659 2
1.0903 0.98494 0.9667 0.68205 0.89044 2
-0.84557 1.3357 0.27181 0.331 -0.098403 2
-0.31961 -0.010183 0.088286 0.027698 -0.083289 2
