-0.73307 -0.50729 -0.14693 1
-0.41415 -0.59758 -0.14964 1
0.55189 -0.23146 -0.021591 1
-1.1403 -0.84316 -0.34229 1
-0.28953 0.29043 0.074773 1
-0.85081 -0.72603 -0.28836 1
-1.0225 -0.81027 -0.28127 1
0.77433 1.0535 0.3351 1
0.86644 0.4635 0.19559 1
-0.51243 0.1665 0.0066795 1
0.71055 0.15878 0.041966 1
0.7821 0.5978 0.1972 1
-0.071204 0.72485 0.23302 1
0.39574 -0.080484 -0.093454 1
-0.52888 0.28546 0.0047499 1
-0.075286 0.38875 0.11871 1
0.45306 -0.13337 -0.021964 1
-0.96611 -0.78783 -0.28458 1
0.59015 0.78667 0.28807 1
-0.70942 -0.75153 -0.22529 1
-1.0055 -0.22502 -0.15602 1
0.187 -0.65131 -0.11773 1
-0.61822 -0.017384 0.02 1
0.51489 1.1338 0.37289 1
0.83019 0.91107 0.35601 1
0.62541 0.71603 0.27396 1
-0.26933 -0.81801 -0.28859 1
0.91896 0.66209 0.16859 1
0.99879 0.93544 0.36397 1
-0.42094 -0.88175 -0.25218 1
-1.0255 -0.5566 -0.23828 1
-1.0141 -0.86157 -0.35074 1
-0.32636 0.37799 0.06462 1
-0.33368 -0.61565 -0.16114 1
0.31005 1.0166 0.32719 1
0.1635 0.82133 0.22471 1
1.0373 0.5521 0.20234 1
0.85132 0.87545 0.38607 1
-0.51009 -0.85114 -0.26413 1
-0.40373 -0.69299 -0.22077 1
0.7658 0.20026 0.098451 1
0.2952 -0.3398 -0.13468 1
0.82006 0.75031 0.20997 1
-0.80591 -0.15084 -0.11658 1
0.26016 0.74753 0.27829 1
0.7187 0.79875 0.22159 1
0.057548 -0.6117 -0.17812 1
-1.029 -0.28523 -0.12356 1
0.78404 -0.14777 0.0033435 1
1.4524 1.0733 0.48083 1
1.1938 0.80295 0.303 1
-0.14599 -0.61507 -0.25858 1
0.083512 -0.54268 -0.20021 1
-0.28996 -0.65149 -0.18457 1
-1.0543 -0.66026 -0.24881 1
0.89456 0.53531 0.13601 1
0.81843 0.050022 0.05959 1
-0.95077 -0.3884 -0.19851 1
-0.91744 -0.17897 -0.085656 1
0.14102 -0.32926 -0.066776 1
-0.49534 0.42875 0.061129 1
-0.79061 -0.61576 -0.18074 1
-0.73959 -0.60146 -0.1483 1
-0.77265 -1.0242 -0.37181 1
0.76466 0.92024 0.342 1
-0.23754 -0.75403 -0.29473 1
-0.25535 0.41226 0.1438 1
1.3063 0.92554 0.40258 1
-0.44443 0.20337 0.0073529 1
0.60363 -0.092605 -0.0091542 1
-0.1957 -0.78437 -0.27505 1
1.1896 0.427 0.19983 1
1.1403 1.1048 0.43567 1
-0.6228 0.18628 0.0085121 1
-1.1194 -0.71705 -0.27198 1
0.35803 -0.37672 -0.094146 1
0.85834 0.84121 0.30363 1
-0.93095 -0.66525 -0.24508 1
0.25695 -0.35928 -0.098629 1
0.43231 0.86383 0.36232 1
0.73283 0.83931 0.26998 1
-0.45678 0.28758 0.039218 1
1.0323 0.10529 0.12398 1
-0.28595 -0.61102 -0.10702 1
0.81713 0.86507 0.25429 1
-0.5555 0.16684 0.027926 1
0.624 0.83728 0.28825 1
0.67027 1.0412 0.30764 1
-0.48647 0.21636 0.069419 1
0.017337 -0.45552 -0.12828 1
-1.0004 -0.25607 -0.11758 1
-1.37 -0.60863 -0.3451 1
0.50042 -0.23538 -0.074395 1
0.42635 0.70143 0.19853 1
-1.4829 -1.261 -0.51185 1
0.80037 0.1502 0.13436 1
-0.62154 -0.80941 -0.2644 1
1.0985 1.4212 0.56539 1
0.44895 0.75607 0.20148 1
0.014733 0.71774 0.22752 1
-0.38927 -0.75372 -0.2422 1
-0.56466 -0.58359 -0.096314 1
-0.50433 0.22334 0.046088 1
-1.1746 -0.76601 -0.3066 1
-0.19804 0.49865 0.17768 1
1.2868 0.46602 0.32239 1
-1.216 -0.77662 -0.31815 1
0.34658 -0.4283 -0.14555 1
0.53959 -0.069444 -0.028986 1
0.56302 1.0176 0.3205 1
0.012099 -0.6528 -0.18188 1
0.011911 -0.71463 -0.30922 1
0.20355 0.83457 0.28416 1
-0.60322 0.0093092 0.030663 1
0.90164 0.80214 0.31542 1
-0.37033 0.42857 0.10719 1
0.0039216 0.60015 0.18183 1
0.36103 -0.22233 -0.029296 1
0.10431 0.75333 0.21934 1
1.034 0.67555 0.2565 1
0.9278 0.45944 0.17987 1
0.21676 0.72847 0.31608 1
-1.0948 -0.77122 -0.23715 1
-0.77876 -0.81597 -0.32183 1
0.25776 -0.37562 -0.058132 1
0.69495 0.709 0.2096 1
1.3442 0.624 0.26769 1
0.96569 0.99054 0.34664 1
0.7648 0.80722 0.17885 1
0.17272 -0.56115 -0.15795 1
0.34099 0.69711 0.21125 1
-0.51345 0.14693 0.002748 1
0.66992 0.92038 0.32029 1
0.22489 -0.47299 -0.17152 1
-0.80565 -0.98798 -0.33017 1
-0.41864 0.63876 0.11438 1
-0.79861 -0.54902 -0.19395 1
1.0885 0.15627 0.11922 1
1.1795 0.73636 0.35424 1
-0.16629 0.32316 0.10967 1
-0.35258 -0.76883 -0.21657 1
0.08681 0.59262 0.23065 1
0.7803 0.84168 0.35332 1
0.069554 0.73169 0.25453 1
0.70961 0.5394 0.18688 1
-0.33748 -0.76383 -0.24204 1
0.98583 0.36253 0.11334 1
0.31969 -0.49531 -0.087962 1
-0.57858 -0.42974 -0.068865 1
-0.30154 -0.71783 -0.27052 1
0.40068 -0.36812 -0.077103 1
0.85242 0.44753 0.15017 1
0.73844 0.76202 0.23141 1
-0.34912 0.5278 0.14884 1
0.80336 0.019493 0.054136 1
-0.90563 -0.89324 -0.33133 1
-1.0808 -0.65918 -0.25617 1
0.66216 -0.026388 0.0069025 1
0.61703 -0.31091 0.0083802 1
-0.058619 -0.72918 -0.20851 1
-1.0747 -0.29327 -0.12836 1
-1.3083 -0.88989 -0.37434 1
-0.73857 -0.21491 -0.050558 1
0.82008 0.99926 0.31781 1
-0.79259 -0.17612 -0.07755 1
-0.40685 -0.74156 -0.23539 1
0.48761 0.98832 0.30507 1
0.63706 -0.0024096 0.086874 1
0.97137 0.87816 0.33853 1
-0.42297 0.19408 0.11168 1
-0.23254 -0.9288 -0.30362 1
0.32624 -0.32453 -0.10997 1
-0.61374 0.21279 0.065017 1
0.38033 -0.21214 0.011127 1
-1.1628 -0.46263 -0.2777 1
-0.79526 0.0111 -0.016948 1
-0.8737 -0.84924 -0.34357 1
0.68098 -0.25525 -0.0038827 1
0.35591 -0.44684 -0.17684 1
1.2508 0.40306 0.20019 1
-0.12871 0.50287 0.15481 1
-0.87564 -0.58814 -0.14305 1
-0.72478 -0.18074 -0.10393 1
-0.84821 -0.71415 -0.18686 1
-1.3784 -1.0303 -0.3956 1
-0.45796 0.2825 0.017194 1
0.67221 0.23694 0.093385 1
0.36668 0.59656 0.14601 1
0.70722 0.29616 0.066888 1
0.25504 -0.46884 -0.082612 1
-0.61403 0.13139 0.045648 1
-0.049201 0.69054 0.20544 1
-0.053764 0.74479 0.21592 1
1.0631 0.49012 0.21735 1
1.2728 1.155 0.50152 1
0.65665 1.0212 0.35239 1
-0.52474 0.068183 -0.016903 1
-1.0342 -0.2948 -0.16854 1
-0.69166 -0.40607 -0.11818 1
-0.98724 -0.63931 -0.18754 1
0.44312 -0.34437 -0.065782 1
-0.78725 -0.67213 -0.1913 1
-0.74097 -0.14678 -0.078666 1
1.3379 0.5695 0.31236 1
1.2498 1.2018 0.41616 1
0.93003 0.07606 0.097616 1
-0.15763 -0.61479 -0.13157 1
-0.11429 0.54334 0.10094 1
0.83692 0.63816 0.27857 1
0.86066 0.63915 0.23534 1
0.44047 -0.25662 0.02449 1
-0.84436 -0.10921 -0.14559 1
0.90184 0.029172 0.087327 1
-0.4636 -0.86441 -0.25954 1
0.5043 -0.18535 -0.07938 1
0.99201 0.43502 0.1752 1
-0.62265 -1.0281 -0.37376 1
-0.93042 -0.15307 -0.11589 1
-0.75771 -0.04553 -0.0319 1
-0.23393 0.37015 0.18525 1
-0.84697 -0.72589 -0.22456 1
-1.0394 -0.28831 -0.15118 1
-0.11837 0.75727 0.25609 1
0.015341 0.65748 0.13718 1
-0.72424 -0.093886 -0.074673 1
-1.3064 -1.0027 -0.42204 1
-0.83111 -0.79592 -0.31823 1
0.73419 0.77445 0.24958 1
0.82013 -0.020575 0.056888 1
0.40771 -0.39968 -0.067609 1
0.92517 0.87763 0.29734 1
0.80247 0.061128 0.080917 1
0.79428 0.54945 0.17399 1
1.0423 0.71732 0.3391 1
0.94037 0.062984 0.098619 1
-0.82055 -0.98887 -0.39256 1
-0.75668 -0.9563 -0.36106 1
0.68277 0.65053 0.16054 1
-1.2106 -0.26302 -0.17494 1
0.66795 0.60812 0.18245 1
-0.2393 -0.75826 -0.23332 1
-0.50295 -0.87317 -0.3045 1
0.52007 0.72285 0.21564 1
0.22494 -0.43529 -0.086155 1
0.91272 0.86945 0.26154 1
1.1721 0.4938 0.23876 1
0.56653 0.60776 0.24707 1
-1.2169 -0.90376 -0.42236 1
0.23249 -0.40407 -0.13726 1
0.97136 0.34207 0.1579 1
-1.0394 -0.35024 -0.20351 1
-1.2762 -0.72941 -0.36403 1
-1.0174 -0.86346 -0.34452 1
-0.10647 -0.67051 -0.22752 1
-0.018343 0.66515 0.1438 1
0.74178 1.1039 0.4752 1
-1.2021 -0.548 -0.21893 1
0.62599 -0.099751 -0.028012 1
-0.19134 -0.75933 -0.22927 1
0.6039 -0.21395 -0.041554 1
1.0138 1.0042 0.4184 1
-0.2432 0.62664 0.1254 1
0.54335 0.94117 0.28546 1
-0.71193 0.17684 0.024238 1
-1.0933 -0.72191 -0.25436 1
0.20195 -0.57392 -0.19816 1
-0.6545 -0.97091 -0.36901 1
-1.1595 -0.64031 -0.24367 1
-1.1648 -0.70812 -0.28508 1
-0.10377 -0.66935 -0.17977 1
-0.074221 -0.74763 -0.23522 1
-0.69633 -0.06609 -0.025095 1
-0.81642 -0.26085 -0.059973 1
-0.74859 -0.76576 -0.27735 1
-0.4877 -0.76241 -0.24686 1
-0.49599 -0.73485 -0.21807 1
0.1628 -0.61842 -0.17208 1
-0.21261 -0.79177 -0.29052 1
-0.78239 -0.85536 -0.31514 1
-0.050483 0.37626 0.10775 1
0.4043 0.85765 0.32976 1
0.45281 0.78784 0.33228 1
0.84191 0.93848 0.31669 1
-1.171 -0.71238 -0.27596 1
1.0745 0.77496 0.31123 1
-0.15842 0.42621 0.14292 1
-0.088656 0.47125 0.14498 1
1.2324 0.94575 0.41551 1
0.43572 -0.10175 -0.090649 1
-0.25259 0.35409 0.10475 1
-0.26892 0.42795 0.11919 1
-0.32374 -0.75232 -0.25606 1
-0.46088 0.32719 0.12709 1
0.84895 0.5806 0.19759 1
0.46509 -0.34143 -0.068702 1
-0.31349 0.4128 0.14667 1
1.4283 0.8197 0.38699 1
-0.37328 0.38142 0.13863 1
1.301 0.48154 0.25321 1
1.0121 0.49743 0.18179 1
-0.5183 0.28887 0.044538 1
0.51174 -0.34304 -0.071203 1
1.0555 0.084314 0.14617 1
0.31782 -0.44068 -0.093065 1
0.59411 0.90885 0.28032 1
-0.95458 -0.58496 -0.25835 1
-0.7996 -0.86319 -0.31936 1
-0.59587 0.07724 0.060538 1
1.2094 0.78088 0.30418 1
-0.89239 -0.77358 -0.30441 1
-0.83279 -0.2957 -0.099611 1
0.61876 0.065388 -0.036379 1
-0.089515 -0.71816 -0.25823 1
-0.56202 0.18224 0.053272 1
-0.72216 -0.92926 -0.2916 1
0.86767 1.0738 0.35901 1
1.118 0.49316 0.27363 1
0.96609 0.74729 0.26363 1
0.2015 -0.38565 -0.1539 1
-1.0056 -0.47993 -0.124 1
-0.012382 0.61667 0.23483 1
1.0027 0.92202 0.33946 1
-0.77538 -0.64967 -0.26554 1
-0.56519 0.11411 0.026523 1
0.9985 0.17422 0.1056 1
0.68693 0.84834 0.26784 1
-1.0403 -0.57861 -0.22321 1
-0.83939 -0.94743 -0.33731 1
-0.42842 -0.93934 -0.33489 1
-0.072301 0.56026 0.21729 1
0.81028 0.53607 0.12127 1
-0.68529 -0.25845 -0.10134 1
-0.80659 -0.82095 -0.29236 1
0.22397 -0.5818 -0.14559 1
-0.32638 0.25974 0.018835 1
-0.26007 0.51557 0.1277 1
0.69828 -0.010246 0.011422 1
-0.43807 0.27314 0.11969 1
-1.022 -1.0384 -0.33346 1
0.25961 -0.20402 -0.12903 1
0.94189 0.2026 0.072362 1
0.34252 0.74902 0.3101 1
0.24636 -0.45746 -0.15339 1
0.63144 -0.17499 0.070514 1
0.11963 -0.54135 -0.17952 1
0.68102 0.43077 0.14082 1
0.65257 -0.22184 0.038267 1
-0.75935 -0.59409 -0.14963 1
-0.56849 0.2915 0.059898 1
-0.69885 -1.0245 -0.33303 1
1.0225 0.94164 0.34326 1
0.64657 0.74478 0.27347 1
0.371 0.77735 0.31727 1
-0.99592 -0.51992 -0.24823 1
-1.1565 -0.86722 -0.35526 1
0.2558 -0.41452 -0.11241 1
0.039074 0.59046 0.14751 1
0.67633 -0.083252 -0.0064372 1
0.78254 0.57138 0.13904 1
1.0772 0.75914 0.25228 1
-0.45554 0.14907 0.045994 1
0.92886 0.59113 0.21869 1
-0.67942 -0.16353 -0.014146 1
0.17158 -0.39688 -0.12314 1
0.38782 -0.060792 -0.077348 1
0.59977 -0.12786 0.029776 1
-0.65216 -0.75361 -0.22722 1
0.86368 0.26579 0.12671 1
-0.052644 0.50985 0.14605 1
0.54248 0.14926 0.049565 1
-1.1511 -0.82177 -0.37092 1
0.77777 -0.075268 0.05404 1
0.33393 0.73815 0.29454 1
0.08514 -0.39871 -0.10751 1
0.031493 0.56005 0.20371 1
0.25176 -0.39031 -0.12685 1
-1.0384 -0.86542 -0.30389 1
0.90671 0.83436 0.3169 1
-0.57909 0.27221 0.022066 1
0.35473 0.90051 0.18475 1
0.64435 0.8578 0.26878 1
-0.90301 -0.44081 -0.1938 1
-1.0951 -0.80226 -0.31445 1
-0.5916 0.25488 -0.0060978 1
0.89427 0.92693 0.31755 1
-1.0387 -0.68703 -0.25555 1
0.80611 0.47057 0.16372 1
-1.1007 -0.73778 -0.2744 1
-0.64869 0.007549 -0.016084 1
-0.41462 0.22477 0.056948 1
-0.21325 0.50532 0.15933 1
0.20893 -0.39788 -0.11782 1
-1.2002 -0.84604 -0.35733 1
0.69774 1.0699 0.40476 1
-0.64878 -0.7566 -0.24028 1
-0.8587 -0.8894 -0.30536 1
1.2283 0.97678 0.4276 1
-0.90176 -0.64657 -0.26993 1
-0.9772 -0.47083 -0.23069 1
-0.82075 -0.77179 -0.28131 1
0.10002 -0.60931 -0.1555 1
-0.089455 -0.89407 -0.29553 1
1.0325 0.70005 0.31343 1
-0.85232 -0.62452 -0.2139 1
-1.0936 -0.80511 -0.32798 1
-0.63774 0.29638 0.027126 1
0.52628 -0.19137 -0.031233 1
-0.42892 0.39528 0.011959 1
-0.54133 0.33263 0.043524 1
0.82118 0.36235 0.13636 1
0.19598 -0.53209 -0.17414 1
-0.87921 -0.46316 -0.19893 1
0.49671 -0.17983 -0.083088 1
-0.87448 -0.9196 -0.31944 1
-0.39042 0.53112 0.093205 1
-0.37008 -0.96296 -0.28753 1
0.55131 0.75834 0.30961 1
0.80891 0.89055 0.33937 1
0.46515 -0.29376 -0.092489 1
0.61901 0.14718 0.10406 1
-0.17539 0.45523 0.12255 1
-0.62556 -0.64221 -0.18202 1
1.2753 1.1603 0.45491 1
1.1876 0.91417 0.35481 1
-0.65852 0.084389 -0.0012308 1
-0.92605 -0.25432 -0.12947 1
-0.24245 0.31479 0.063509 1
-0.65089 0.15685 -0.054226 1
1.0306 1.1379 0.46249 1
-0.79201 -0.65485 -0.22988 1
0.21414 0.77382 0.22886 1
-1.0208 -0.74264 -0.27982 1
-0.057205 0.55311 0.12941 1
-0.92777 -0.40469 -0.19427 1
0.90552 0.92884 0.34721 1
-0.97303 -0.70851 -0.25339 1
-1.0075 -0.53156 -0.18217 1
0.028212 0.6497 0.151 1
-0.16859 0.60905 0.10045 1
0.44937 -0.10237 -0.069408 1
0.66442 0.14808 0.048891 1
0.51329 -0.19156 -0.0015142 1
0.80021 0.0999 0.0536 1
-0.45296 0.40975 0.049209 1
0.28713 0.89015 0.29572 1
0.61043 -0.065069 0.021527 1
0.93492 0.66661 0.22637 1
-0.13215 0.57044 0.1681 1
0.96595 0.64232 0.19917 1
0.31132 0.72342 0.2221 1
0.74324 0.48825 0.14847 1
-1.1214 -0.92432 -0.36086 1
-0.093892 -0.65303 -0.11341 1
0.30215 -0.3713 -0.064659 1
1.4251 1.1642 0.50539 1
0.27766 0.68606 0.21648 1
-0.36769 -0.90541 -0.27815 1
0.73156 -0.10641 0.028118 1
-0.56719 -0.73744 -0.2504 1
-0.065111 0.74758 0.26034 1
-0.28915 0.55822 0.13504 1
1.1095 1.0765 0.42522 1
1.2157 0.73245 0.28028 1
-0.14551 0.48381 0.18044 1
-0.82326 -0.81101 -0.26098 1
0.89384 0.77291 0.26761 1
0.43994 1.0101 0.33125 1
-1.2301 -0.47201 -0.24969 1
-1.1586 -0.8453 -0.32285 1
1.0571 0.27215 0.13789 1
0.87954 0.6884 0.22955 1
0.4857 -0.33472 -0.041212 1
-1.0104 -0.78705 -0.26603 1
0.15728 -0.61034 -0.13985 1
0.41378 0.89575 0.25474 1
-0.98387 -0.13173 -0.13908 1
0.1603 -0.5364 -0.11401 1
-0.8935 -0.9339 -0.32646 1
0.98954 0.7896 0.32181 1
-0.20697 -0.85629 -0.26849 1
0.34015 -0.40891 -0.071095 1
0.37838 -0.31199 -0.025552 1
-0.38077 -0.75973 -0.18774 1
0.86562 0.22747 0.11703 1
-0.19421 -0.87132 -0.28231 1
-0.85945 -0.18179 -0.07468 1
-0.26993 -0.77931 -0.25626 1
-1.202 -1.2134 -0.46443 1
1.0631 0.31374 0.2387 1
-0.88303 0.089143 -0.0025539 1
0.51207 -0.21479 -0.06264 1
1.0109 0.31424 0.1379 1
0.21934 0.90287 0.25482 1
-0.82908 -0.72281 -0.23088 1
-1.1771 -0.68594 -0.24917 1
-0.67954 -0.80204 -0.2305 1
1.1409 1.0048 0.36307 1
-0.64437 0.20275 -0.030618 1
-1.1173 -0.3565 -0.23374 1
0.78916 -0.06297 0.021853 1
0.97675 0.8613 0.32984 1
-0.7436 -0.039506 -0.061765 1
-0.39081 -0.86267 -0.24892 1
-0.59911 0.016272 -0.0095254 1
-0.5977 -0.71281 -0.2127 1
-0.061758 -0.66574 -0.20104 1
-0.9264 -0.42142 -0.22824 1
-0.93747 -0.71527 -0.23989 1
0.56502 0.64062 0.13504 1
0.17498 -0.54599 -0.10274 1
-0.62771 -0.74408 -0.22453 1
-1.0396 -0.51 -0.23911 1
0.76408 0.84765 0.31185 1
-0.50983 0.29076 0.083333 1
-0.3705 0.32011 0.1418 1
-0.39905 0.022378 0.033421 1
-0.2625 -0.81554 -0.30779 1
-0.46856 -0.80707 -0.25855 1
0.93897 1.0534 0.34599 1
0.62928 0.46681 0.13537 1
-0.277 -0.79018 -0.29911 1
-0.19984 0.45397 0.15665 1
0.026019 0.63273 0.24466 1
0.20999 0.81388 0.22731 1
-0.029791 -0.58553 -0.21932 1
-0.62272 -0.9412 -0.33368 1
0.67401 0.67576 0.26134 1
0.88682 0.2198 0.12901 1
-1.1647 -1.0345 -0.34726 1
-0.68184 -0.12951 -0.098662 1
-1.0853 -0.96272 -0.35215 1
0.17271 -0.63857 -0.12633 1
-0.76127 -0.24666 -0.090415 1
0.43005 0.86386 0.35727 1
-0.65303 0.066133 0.019945 1
-0.79721 -0.68127 -0.22288 1
-0.93867 -1.0312 -0.36555 1
1.1496 0.9487 0.38696 1
-0.57352 -0.81073 -0.29087 1
0.64652 0.13899 0.048868 1
-0.89766 -0.31716 -0.12825 1
0.89136 0.66357 0.23721 1
0.34043 -0.28248 -0.14605 1
-0.54594 0.21135 0.060228 1
-1.0014 -0.86027 -0.29546 1
-0.65156 -0.77704 -0.2835 1
1.2391 1.0252 0.3407 1
-0.78071 0.1022 -0.016125 1
0.36924 -0.29753 -0.15467 1
-0.62739 0.036471 -0.022385 1
-0.48846 -0.85079 -0.30395 1
0.82822 0.18439 0.054688 1
0.45392 -0.40574 -0.048025 1
-0.29422 -0.81217 -0.26794 1
-0.76659 0.002446 -0.0010567 1
0.46645 0.63773 0.21265 1
0.58779 -0.08454 0.016186 1
0.27981 -0.41325 -0.12171 1
-0.98517 -0.68436 -0.19458 1
0.60808 0.097713 0.037829 1
-0.76449 -0.77821 -0.24913 1
-0.27662 0.5886 0.18595 1
1.0761 0.91677 0.32837 1
-1.0364 -0.83516 -0.32482 1
-0.36505 0.331 0.1433 1
-0.28162 0.46725 0.17346 1
-1.0113 -0.56317 -0.26189 1
-0.56734 -0.96457 -0.30435 1
-0.28802 -0.81209 -0.24237 1
-0.66587 -0.70007 -0.2202 1
-1.0347 -0.62927 -0.23909 1
-0.81062 -0.83334 -0.30521 1
0.64813 0.8522 0.29565 1
-0.033134 -0.63968 -0.16296 1
-0.17472 0.61199 0.16356 1
0.049428 0.42972 0.12174 1
-0.28704 -0.69939 -0.273 1
-0.94582 -0.45096 -0.18159 1
-1.071 -0.81035 -0.3164 1
0.012652 -0.63914 -0.22674 1
-0.74022 -0.80514 -0.27306 1
1.0418 0.4665 0.20191 1
-0.99805 -0.88354 -0.33837 1
0.71153 0.98108 0.29288 1
0.51137 -0.42737 -0.047971 1
-0.062056 -0.6968 -0.2469 1
-0.24624 -0.7794 -0.2703 1
0.99115 0.88709 0.293 1
0.78781 0.75928 0.18416 1
-0.084499 0.49963 0.14515 1
-0.62007 -0.93263 -0.31678 1
0.91996 0.44724 0.13026 1
0.81972 0.47522 0.11728 1
-0.99259 -0.53876 -0.22633 1
-0.89212 -0.20808 -0.028126 1
1.1628 0.98221 0.3999 1
-0.99543 -0.81496 -0.34306 1
1.1573 0.53066 0.22423 1
0.22985 -0.3402 -0.05772 1
-0.75385 -0.24556 -0.099007 1
1.0405 0.76017 0.27048 1
0.5765 -0.033116 0.020549 1
0.1411 -0.53346 -0.1202 1
1.0706 0.83298 0.31113 1
-0.77886 -0.034559 -0.091823 1
0.36665 -0.40823 -0.11096 1
0.37552 -0.36305 -0.10677 1
-0.3833 -0.84734 -0.26591 1
-0.10951 0.51404 0.17937 1
0.70124 -0.12453 -0.0317 1
0.80161 0.5078 0.20516 1
-0.89722 -0.51298 -0.16996 1
0.37313 0.74867 0.24363 1
-0.44303 -0.80322 -0.31899 1
0.8889 1.0979 0.42836 1
-1.0097 -1.0527 -0.36375 1
0.22964 -0.37318 -0.0551 1
-0.15922 -0.70644 -0.14594 1
-0.4063 0.3585 0.091494 1
1.1106 0.80288 0.32375 1
0.61467 -0.11342 0.012412 1
0.93476 0.87362 0.26636 1
-0.52116 0.49403 0.079813 1
0.76481 0.75158 0.20814 1
-0.98663 -0.32767 -0.14409 1
1.1728 0.71921 0.31635 1
-0.49118 0.23087 0.074557 1
-0.93155 0.0075266 -0.092624 1
-0.41985 0.32742 0.05188 1
-0.070918 0.45024 0.092987 1
-1.0894 -0.71215 -0.24339 1
0.15482 -0.6636 -0.17836 1
-0.36979 0.51972 0.14586 1
0.43458 -0.39502 -0.059565 1
0.22302 -0.49411 -0.092188 1
0.85608 0.58959 0.18577 1
0.23757 -0.53677 -0.12761 1
1.0697 0.95766 0.36269 1
-1.1295 -0.64688 -0.26987 1
-1.0411 -0.289 -0.13298 1
0.38262 -0.25015 -0.11174 1
0.46478 0.70703 0.19358 1
0.6967 1.0501 0.31332 1
0.86805 0.14555 0.10116 1
1.1876 0.75081 0.29109 1
-0.72141 -0.069284 -0.01662 1
-0.43913 0.30211 0.1113 1
0.63068 0.87723 0.28417 1
-0.70166 -0.98187 -0.32773 1
0.67475 0.86958 0.26606 1
0.46333 -0.31121 -0.059667 1
-0.82511 -0.50291 -0.15851 1
-0.88555 -0.48854 -0.14162 1
0.78959 0.0029758 0.0063516 1
0.0089868 0.73003 0.21672 1
0.34739 0.78757 0.27209 1
0.81057 0.081194 0.080693 1
0.66353 0.74969 0.22675 1
-1.1058 -0.71141 -0.29748 1
-0.69839 -0.8868 -0.20104 1
0.99918 0.23676 0.1598 1
-1.3922 -0.52778 -0.26112 1
1.5469 0.70946 0.35065 1
0.77601 0.84433 0.2623 1
0.44542 0.87194 0.3083 1
0.50164 -0.35041 -0.092268 1
1.0651 0.79376 0.24663 1
-1.1034 -0.46476 -0.19497 1
0.090619 -0.51113 -0.17331 1
1.3617 0.86753 0.3163 1
0.80517 0.40583 0.14758 1
-0.31892 0.26072 0.13892 1
0.82693 0.65499 0.22379 1
-0.75473 -0.32445 -0.10471 1
-0.20805 -0.76435 -0.20885 1
-0.67264 -0.94246 -0.34551 1
0.73385 -0.22977 0.0039998 1
-0.016694 -0.49035 -0.10762 1
0.51261 -0.27466 -0.071792 1
-1.0253 -0.89639 -0.32403 1
-0.15613 0.48572 0.12814 1
-0.90066 -0.16301 -0.10708 1
-0.57927 0.42514 0.088052 1
-0.9747 -1.0562 -0.42146 1
1.021 0.47599 0.1395 1
-0.063516 0.54147 0.1547 1
0.95899 0.38635 0.17888 1
0.41656 0.9286 0.27153 1
0.90106 0.94447 0.36465 1
-0.075585 0.55914 0.18082 1
0.18682 0.72082 0.2769 1
-0.83108 -0.74063 -0.31401 1
0.96138 0.77063 0.23988 1
0.85347 0.19748 0.11342 1
-0.61076 -0.31169 -0.063952 1
-0.65224 -0.91235 -0.32803 1
-1.0025 -0.85137 -0.26444 1
0.60649 0.73093 0.20261 1
-0.70856 0.063913 -0.065801 1
1.0007 0.13403 0.13828 1
-0.98684 -0.95587 -0.41309 1
1.1858 0.51184 0.22261 1
-0.021666 -0.67482 -0.18228 1
-0.062153 0.48729 0.070722 1
1.3027 0.76143 0.36996 1
-1.0571 -0.40437 -0.18251 1
-0.20641 0.43883 0.20365 1
-0.26193 0.45512 0.13172 1
0.012253 0.63798 0.17105 1
-0.056822 0.61632 0.20661 1
-0.94375 -0.5475 -0.18688 1
-0.10909 -0.81692 -0.24288 1
0.35233 -0.34313 -0.041893 1
0.15982 -0.69339 -0.21003 1
0.70293 0.86035 0.27683 1
0.16097 -0.47398 -0.12465 1
0.64151 0.79622 0.27706 1
-0.69675 0.27116 0.010097 1
-0.68544 -0.14225 -0.03177 1
1.2188 0.91524 0.31574 1
-0.52791 0.26314 0.061208 1
0.76985 0.78957 0.25373 1
0.23057 0.82772 0.29484 1
-0.1312 -0.76582 -0.22237 1
-1.2556 -0.76479 -0.31012 1
-1.1939 -0.67751 -0.28374 1
-0.49278 0.37085 0.058585 1
0.82335 0.39822 0.16739 1
-0.84292 -0.36986 -0.12147 1
0.74269 0.99271 0.3834 1
1.2011 0.56624 0.1956 1
0.94695 0.63022 0.20503 1
1.0961 0.76839 0.28658 1
0.13634 -0.53178 -0.1679 1
0.19533 0.85313 0.3028 1
-0.88945 -1.0145 -0.32561 1
-0.74894 -0.065265 -0.020357 1
-0.89105 -0.68132 -0.2968 1
0.073502 0.58301 0.17889 1
0.3107 0.54984 0.14004 1
0.34765 -0.27805 -0.031383 1
0.45786 1.043 0.32784 1
-0.086089 0.52581 0.15024 1
1.0963 0.95777 0.41327 1
0.54479 -0.27463 -0.050471 1
-0.47833 -0.58899 -0.15026 1
-0.27488 -0.53015 -0.081613 1
-0.35755 -0.94746 -0.31181 1
0.15321 0.89419 0.3004 1
-0.71122 -0.90224 -0.27479 1
-0.2681 0.52052 0.117 1
-1.1842 -0.91178 -0.36495 1
-0.21605 0.47091 0.12572 1
-0.69937 -0.065164 -0.051102 1
-0.20584 0.60544 0.19372 1
-0.88055 -0.74127 -0.23441 1
-0.032256 -0.76733 -0.21207 1
-0.082093 0.52873 0.18898 1
0.25075 -0.39487 -0.12804 1
-0.41738 -0.70162 -0.22301 1
-1.0106 -0.90137 -0.28386 1
0.15048 0.76169 0.24687 1
-0.06077 -0.66547 -0.20727 1
-0.70557 -0.079267 0.013821 1
0.24583 0.93529 0.32986 1
-0.62835 -0.83247 -0.27311 1
-0.53454 -0.85596 -0.29772 1
0.69332 -0.0039421 -0.011666 1
-0.23389 -0.84726 -0.33871 1
0.64569 -0.0082639 0.099971 1
0.16557 -0.46663 -0.19112 1
1.2867 0.6722 0.35217 1
0.30249 -0.38938 -0.074368 1
0.020228 0.65929 0.22028 1
-0.85753 -0.77206 -0.24495 1
-0.77465 -0.21703 -0.06794 1
0.58325 0.7795 0.2894 1
0.18945 0.75174 0.17634 1
-1.1751 -0.75444 -0.30981 1
1.2177 0.98139 0.4201 1
0.24481 0.71574 0.25319 1
-0.55043 -0.99886 -0.36814 1
1.1481 0.65677 0.26808 1
0.77525 0.94533 0.27065 1
0.65745 -0.23704 -0.066052 1
1.0095 0.79297 0.30822 1
0.96172 0.16747 0.065071 1
0.81312 0.12686 0.082917 1
-0.76663 -0.62549 -0.22285 1
0.53933 0.88656 0.3392 1
-0.35502 0.35534 0.11772 1
-0.88143 -0.14756 -0.11373 1
-0.65066 -0.87555 -0.28957 1
-0.73946 -0.020086 -0.051659 1
0.86856 0.85361 0.26257 1
-1.3122 -0.50225 -0.25048 1
0.1189 -0.64831 -0.18195 1
-0.84819 -0.31542 -0.13326 1
-0.69965 -0.0059103 0.010282 1
-0.40558 -0.47302 -0.3613 2
2.0253 0.55836 0.46157 2
0.0518 -0.11068 -0.25319 2
0.32446 0.28036 0.23876 2
2.0041 0.45065 0.37477 2
1.8688 0.62618 0.44689 2
1.9966 0.56043 0.47924 2
2.144 0.7196 0.67591 2
-0.11168 -0.26418 -0.30633 2
-0.155 -0.19155 -0.40203 2
0.9413 0.54892 0.46265 2
-0.022135 0.097661 -0.00068098 2
-0.27201 -0.32106 -0.33119 2
2.1213 0.67255 0.51809 2
1.0223 0.0336 -0.091016 2
1.1296 0.13003 -0.0046091 2
1.1778 0.36234 0.42682 2
-0.066939 -0.090573 -0.054813 2
1.1087 0.1284 -0.082552 2
0.1103 0.10968 0.073976 2
0.40075 0.32872 0.23669 2
1.5262 0.42911 0.43144 2
0.91533 0.512 0.42727 2
2.1072 0.89252 0.58361 2
-0.26177 -0.31682 -0.33698 2
1.6449 0.4901 0.41164 2
1.7124 0.47919 0.23745 2
-0.36593 -0.24037 -0.34336 2
0.16184 -0.12891 -0.31031 2
0.77991 -0.10863 -0.24195 2
0.60987 0.36244 0.28646 2
2.0726 0.75807 0.60372 2
0.76535 -0.10295 -0.20853 2
0.10327 0.12926 0.058095 2
0.33172 0.2581 0.24587 2
0.13485 -0.20469 -0.30871 2
-0.44582 -0.456 -0.33099 2
2.1695 0.57132 0.40849 2
1.5691 0.11494 0.13767 2
2.0051 0.75419 0.61058 2
-0.07966 -0.058441 -0.04204 2
0.47007 0.036801 0.086439 2
0.6863 -0.17174 -0.25973 2
1.3569 0.69203 0.53276 2
-0.0095822 -0.26716 -0.26528 2
1.8879 0.51348 0.41892 2
0.25698 -0.18067 -0.24718 2
-0.27487 -0.12374 -0.14225 2
-0.26806 -0.19833 -0.2199 2
0.43543 -0.12733 -0.31265 2
0.88866 0.052305 -0.18207 2
-0.21359 -0.22821 -0.30442 2
-0.15062 -0.36846 -0.32872 2
0.77612 -0.14586 -0.2232 2
1.6697 0.33345 0.13027 2
-0.063517 -0.10702 -0.060949 2
1.8676 0.60029 0.44979 2
2.1453 0.74008 0.61503 2
0.40115 -0.17125 -0.277 2
0.15969 -0.060207 -0.040309 2
0.84903 -0.1058 -0.10026 2
1.8792 0.68225 0.47429 2
0.10777 0.035355 0.085806 2
2.1616 0.87341 0.63088 2
1.7442 0.34083 0.26288 2
-0.36735 -0.30109 -0.33994 2
1.3012 0.41396 0.44862 2
0.97472 -0.027084 -0.17655 2
0.80901 0.29393 0.34806 2
-0.10272 -0.016607 -0.08957 2
0.58287 -0.039978 -0.22496 2
0.24207 0.19666 0.14031 2
-0.059696 -0.21648 -0.25336 2
0.74974 0.38472 0.30019 2
0.53844 -0.12379 -0.23333 2
-0.27287 -0.31252 -0.24738 2
-0.13772 -0.058735 -0.047988 2
0.6412 0.39409 0.32588 2
-0.27082 -0.27699 -0.25091 2
-0.46407 -0.45891 -0.31006 2
1.1413 0.43349 0.41487 2
1.2362 -0.031066 -0.077206 2
1.9004 0.65058 0.43976 2
0.31305 0.086916 0.093974 2
0.53705 -0.015731 -0.23501 2
0.52219 -0.26995 -0.30318 2
1.4215 0.74609 0.56685 2
1.863 0.56194 0.5031 2
0.5253 -0.16174 -0.2682 2
1.6035 0.35135 0.13061 2
-0.020838 -0.12513 -0.11429 2
-0.11549 -0.26141 -0.34552 2
0.75329 -0.37301 -0.25469 2
2.3599 0.63117 0.49154 2
0.93621 0.60104 0.47366 2
2.0595 0.82543 0.57521 2
1.8248 0.62546 0.61818 2
0.60698 0.043906 -0.20294 2
0.46874 0.25375 0.24522 2
-0.18947 -0.25352 -0.097798 2
-0.43696 -0.32771 -0.18098 2
0.52191 0.26642 0.21574 2
0.65739 0.21865 0.24248 2
0.89676 0.32366 0.30151 2
-0.5954 -0.37869 -0.24589 2
1.7112 0.64197 0.48577 2
-0.27225 -0.27798 -0.24512 2
-0.3383 -0.23743 -0.32681 2
0.094448 -0.104 -0.25926 2
0.64814 0.35935 0.30759 2
0.3444 0.014316 0.14316 2
0.69563 0.48343 0.34333 2
0.65132 -0.021553 -0.19703 2
1.0499 0.53082 0.40881 2
1.4782 0.67453 0.55628 2
-0.19946 -0.24701 -0.30864 2
1.8119 0.49178 0.24581 2
0.6884 -0.12993 -0.18162 2
-0.15168 -0.25465 -0.37697 2
0.42691 0.17552 0.26017 2
1.5563 0.21858 0.087267 2
1.8897 0.64408 0.54885 2
-0.084731 0.023698 -0.10358 2
1.8873 0.36558 0.32995 2
-0.37063 -0.22156 -0.25463 2
1.6242 0.53369 0.54411 2
1.4927 0.6226 0.45645 2
0.0010784 -0.022176 0.0096497 2
1.6883 0.37721 0.21036 2
2.0853 0.75896 0.55875 2
0.093545 0.026856 0.00073425 2
1.2662 0.022895 -0.063153 2
1.9509 0.59005 0.38509 2
0.018746 -0.31102 -0.41436 2
0.94806 0.4672 0.39158 2
-0.28043 -0.4892 -0.4039 2
1.0687 0.39 0.39818 2
1.9848 0.59309 0.37741 2
2.0517 0.58167 0.53254 2
0.049183 -0.11661 0.036001 2
-0.43661 -0.28067 -0.35793 2
0.91543 0.48289 0.38308 2
1.2718 0.059407 -0.069394 2
1.3785 0.10438 -0.016013 2
1.9953 0.41749 0.29534 2
1.6481 0.27921 0.14173 2
1.439 0.73061 0.52359 2
0.72251 -0.14083 -0.2412 2
1.9273 0.58055 0.49459 2
0.024453 0.087576 0.057256 2
0.80972 0.37766 0.34139 2
0.8601 0.31309 0.29553 2
1.7139 0.41273 0.25256 2
0.94338 -0.23592 -0.19936 2
1.3705 0.10519 0.061733 2
-0.057134 -0.19155 -0.055326 2
0.70825 -0.2542 -0.21879 2
-0.37973 -0.22289 -0.28905 2
1.5626 0.21436 0.099856 2
0.88189 0.2869 0.29118 2
1.1943 0.11729 -0.045986 2
0.56963 -0.11861 -0.21595 2
1.2041 0.039089 -0.093741 2
0.076262 -0.098949 0.11106 2
1.2187 0.4528 0.49977 2
1.1087 -0.20086 -0.11678 2
-0.25131 -0.305 -0.29447 2
0.97556 0.25255 0.35075 2
0.44683 0.24376 0.14387 2
0.52051 0.12108 0.18829 2
1.0132 -0.0064324 -0.13644 2
1.6442 0.68234 0.52223 2
0.51424 0.25558 0.19496 2
1.0793 0.11379 -0.02878 2
0.63955 0.3092 0.22791 2
0.32594 -0.41472 -0.38517 2
-0.39322 -0.11982 -0.22408 2
-0.302 -0.30253 -0.30858 2
1.6792 0.33151 0.37126 2
0.28721 0.2308 0.19528 2
0.38953 0.18016 0.17446 2
-0.13892 -0.05027 -0.24856 2
1.7932 0.69808 0.53777 2
1.0846 0.1046 -0.13929 2
-0.051656 -0.14958 -0.040162 2
1.8958 0.73097 0.57016 2
-0.079765 -0.021092 -0.053495 2
0.025659 -0.41487 -0.44328 2
0.080431 -0.19941 -0.33714 2
1.806 0.38521 0.34803 2
0.22269 -0.25243 -0.32426 2
2.0535 0.51981 0.39292 2
-0.034198 0.0082136 0.036732 2
1.2587 0.12652 -0.018882 2
0.47232 0.16665 0.2338 2
1.6982 0.51146 0.48096 2
0.74794 0.012279 -0.15483 2
0.21757 -0.32635 -0.37949 2
2.0013 0.57021 0.47949 2
2.0937 0.75198 0.50459 2
-0.15076 -0.31374 -0.38061 2
0.10191 -0.017077 -0.14103 2
0.20397 -0.2827 -0.31207 2
1.852 0.45223 0.38071 2
0.41623 -0.082353 -0.21305 2
-0.060074 -0.39958 -0.38749 2
0.61061 0.37497 0.31325 2
0.34679 0.12285 0.13941 2
1.8084 0.59095 0.4991 2
0.21457 -0.31243 -0.32418 2
1.0371 0.56617 0.48261 2
2.2984 0.72944 0.51795 2
1.3484 0.43871 0.45093 2
-0.6707 -0.42647 -0.35147 2
-0.29767 -0.35366 -0.43614 2
1.5155 0.17598 0.065112 2
0.35344 -0.23351 -0.3087 2
1.7082 0.67529 0.45826 2
0.083373 0.10266 -0.025224 2
1.4253 0.12523 0.073234 2
2.2169 0.60905 0.3967 2
0.0025335 -0.018148 -0.017839 2
0.16938 0.0049152 0.097853 2
1.8444 0.83417 0.6797 2
1.8964 0.67999 0.5986 2
0.22053 0.072267 0.078654 2
1.5385 0.3062 0.055469 2
0.49454 0.2945 0.24888 2
1.0774 0.10308 -0.023033 2
0.22917 -0.12047 -0.24936 2
0.73863 -0.060804 -0.19688 2
0.38356 0.18322 0.20147 2
1.9372 0.4276 0.2847 2
2.0135 0.5837 0.46776 2
2.1668 0.72147 0.64893 2
0.48972 0.16848 0.17226 2
-0.057392 -0.038104 -0.026533 2
1.7215 0.26669 0.23318 2
0.11025 -0.1561 -0.25826 2
1.9626 0.54335 0.21248 2
0.87356 0.38207 0.33573 2
1.8648 0.42372 0.26251 2
0.19723 -0.34433 -0.3437 2
0.72314 0.45284 0.27394 2
0.78757 0.22032 0.26767 2
0.76854 0.25123 0.29977 2
-0.21269 0.10193 -0.029045 2
1.669 0.47249 0.52159 2
1.7228 0.48298 0.39403 2
1.5832 0.62949 0.54331 2
0.57643 0.35676 0.31076 2
1.1445 0.45553 0.46071 2
1.453 0.70464 0.60731 2
-0.048907 -0.31923 -0.33433 2
2.0577 0.37135 0.31289 2
-0.13846 -0.03889 -0.19612 2
-0.067176 -0.1416 -0.23798 2
1.185 -0.075384 -0.079925 2
0.6676 -0.10127 -0.22473 2
1.9224 0.44103 0.28241 2
1.5158 0.25378 0.095274 2
1.662 0.59146 0.54037 2
-0.18178 -0.16657 -0.19138 2
0.41627 -0.0059504 -0.22876 2
-0.14064 -0.2029 -0.29056 2
1.8844 0.77267 0.6542 2
1.7 0.67413 0.61739 2
0.77772 -0.008766 -0.18493 2
0.40836 0.37241 0.24775 2
1.123 0.23281 0.36446 2
1.6762 0.40723 0.21059 2
1.7682 0.40134 0.23054 2
1.0016 -0.12587 -0.22826 2
1.855 0.5841 0.44304 2
1.2638 0.090795 -0.045767 2
0.5505 -0.1429 -0.22165 2
-0.21894 -0.024948 -0.1286 2
1.4133 0.051363 0.024015 2
2.1064 0.58924 0.47329 2
2.2086 0.77997 0.58004 2
-0.44928 -0.21455 -0.31284 2
1.9252 0.53914 0.50407 2
0.37356 0.25921 0.22759 2
1.0419 0.074408 -0.12146 2
1.9225 0.6817 0.45309 2
0.83108 0.1877 -0.11175 2
-0.061739 -0.092697 -0.013074 2
0.47518 -0.25248 -0.31152 2
2.0677 0.65466 0.55014 2
2.1435 0.74789 0.54454 2
0.32671 -0.3067 -0.30015 2
0.28917 0.090921 0.19511 2
-0.10094 -0.080045 -0.094952 2
1.5629 0.2889 0.12213 2
-0.15102 -0.025325 -0.078719 2
2.2058 0.78559 0.50817 2
2.1018 0.6342 0.58286 2
1.393 0.22525 0.037528 2
0.050797 0.050195 0.045932 2
-0.38822 -0.33155 -0.23199 2
0.090084 0.026568 0.00062378 2
0.56122 -0.27751 -0.28947 2
-0.32506 -0.36046 -0.28904 2
0.47114 -0.097804 -0.19078 2
1.6376 0.59579 0.5197 2
0.32434 -0.19954 -0.28594 2
2.1224 0.70903 0.59177 2
0.15533 0.0099502 0.010367 2
0.7558 -0.14778 -0.20263 2
1.8504 0.60575 0.52357 2
0.73098 0.17868 0.26799 2
1.6808 0.29795 0.21837 2
1.282 0.45971 0.46145 2
-0.14188 -0.32218 -0.29789 2
-0.45461 -0.31667 -0.3803 2
1.7949 0.42903 0.3231 2
1.7437 0.30446 0.35118 2
2.1194 0.70109 0.67474 2
-0.34241 -0.36721 -0.42179 2
-0.35251 -0.034095 -0.10581 2
-0.3245 -0.0076937 -0.22018 2
1.7363 0.41023 0.25492 2
0.2902 -0.28952 -0.28605 2
0.75193 0.15169 -0.10288 2
1.2476 0.14718 0.019589 2
0.19488 -0.17282 -0.33222 2
-0.24774 -0.39319 -0.31063 2
1.7206 0.40815 0.38228 2
1.658 0.51173 0.47482 2
1.5058 0.31579 0.0323 2
0.03519 -0.094366 -0.010313 2
1.0859 0.36156 0.44053 2
0.72907 -0.12276 -0.23348 2
0.28905 0.0708 0.060871 2
-0.35519 -0.21319 -0.11498 2
1.4409 0.09694 -0.016554 2
1.2576 0.041254 -0.035846 2
0.8992 0.34821 0.40534 2
0.8156 0.27159 0.27728 2
0.72278 0.19943 0.23465 2
1.05 0.55112 0.44509 2
2.2824 0.79377 0.59081 2
2.0121 0.59393 0.52839 2
1.8784 0.51584 0.44978 2
0.95015 0.46911 0.3669 2
0.64479 0.40343 0.30078 2
1.9002 0.66046 0.43192 2
2.1818 0.58484 0.46017 2
-0.25065 -0.18687 -0.29269 2
0.48952 0.47048 0.26524 2
1.4582 0.36641 0.10633 2
1.8565 0.3271 0.38212 2
1.5764 0.3591 0.25577 2
1.6735 0.58161 0.51701 2
1.1571 0.26566 -0.022824 2
2.1157 0.69483 0.54087 2
0.54958 0.15442 0.2221 2
-0.13246 -0.54302 -0.43641 2
1.3669 0.42358 0.44256 2
-0.30888 -0.21455 -0.072004 2
0.20081 -0.15448 -0.28836 2
0.41409 0.21377 0.14074 2
0.10843 0.097635 0.13125 2
0.29885 -0.20137 -0.3507 2
1.4308 0.21557 0.05893 2
1.8025 0.44893 0.28169 2
1.4906 0.26664 0.046654 2
0.285 -0.22036 -0.28786 2
1.4974 0.2547 0.16791 2
0.9858 0.26313 0.39771 2
0.54809 0.38307 0.25259 2
2.1864 0.70772 0.54348 2
1.9113 0.58296 0.4123 2
2.1491 0.72444 0.52734 2
1.9076 0.46307 0.4336 2
0.22593 -0.16367 -0.30361 2
0.84942 0.32924 0.34065 2
2.0842 0.85292 0.60601 2
0.56829 0.47056 0.29823 2
1.533 0.25547 0.082848 2
-0.035395 -0.26019 -0.31572 2
-0.1701 -0.12407 -0.21334 2
0.53317 0.19485 0.22042 2
1.7714 0.3699 0.45722 2
-0.085255 -0.29408 -0.31282 2
1.2478 0.30776 0.37534 2
1.8053 0.59075 0.54899 2
0.39994 -0.2843 -0.34189 2
1.0656 -0.074832 -0.13514 2
0.81917 -0.10828 -0.21897 2
0.98015 0.2311 0.26822 2
1.9579 0.53692 0.4728 2
1.7147 0.65138 0.62655 2
-0.17236 -0.091063 -0.10703 2
0.27804 0.0027287 0.051162 2
1.8324 0.84076 0.64097 2
-0.42479 -0.39732 -0.39349 2
0.95052 0.35207 0.39603 2
-0.26867 -0.47649 -0.42416 2
1.4959 0.21765 0.076311 2
-0.60121 -0.42749 -0.38207 2
0.40058 0.1842 0.21341 2
-0.17799 -0.29425 -0.19955 2
0.79651 0.43543 0.37781 2
-0.32184 -0.38205 -0.28787 2
1.4003 0.60675 0.49836 2
1.7581 0.87329 0.64702 2
-0.26236 -0.10615 -0.19532 2
1.3327 0.19415 -0.021399 2
0.67582 0.30653 0.29797 2
-0.22575 -0.081429 -0.17919 2
0.20611 0.0074906 0.13451 2
-0.50431 -0.43642 -0.4497 2
1.3472 0.2246 -0.0119 2
-0.12701 -0.49614 -0.38679 2
0.032258 -0.42437 -0.31051 2
0.2066 -0.072352 -0.26204 2
1.928 0.67634 0.5658 2
2.0467 0.68043 0.55931 2
-0.056588 -0.21289 -0.37125 2
1.8388 0.32095 0.22622 2
1.0885 0.11359 -0.10255 2
2.0056 0.60841 0.38021 2
1.7566 0.61428 0.52009 2
-0.56933 -0.50598 -0.35857 2
-0.063059 -0.012144 -0.14014 2
-0.10008 -0.12588 -0.11255 2
0.60367 0.23322 0.19792 2
1.8506 0.61742 0.51638 2
1.444 0.48376 0.47909 2
1.3792 0.22467 -0.025539 2
1.4883 0.77939 0.55749 2
1.1027 -0.04166 -0.13762 2
1.101 0.15098 -0.075424 2
1.4241 0.17311 0.31915 2
-0.22829 -0.45477 -0.38202 2
2.1818 0.84572 0.70937 2
-0.057087 -0.30813 -0.32057 2
1.6802 0.34694 0.24152 2
2.1512 0.54113 0.431 2
0.61835 -0.13021 -0.23366 2
2.0263 0.57594 0.4085 2
0.28467 0.14908 0.082869 2
0.081393 -0.16327 -0.31147 2
0.25644 -0.28971 -0.30789 2
0.99893 0.57611 0.41744 2
0.54085 -0.017356 -0.22484 2
0.15508 0.028922 0.052553 2
2.0357 0.63224 0.52359 2
1.2516 0.52145 0.44694 2
1.13 0.083686 -0.042206 2
-0.076793 -0.16847 -0.31944 2
0.70818 0.31709 0.31174 2
1.8108 0.50483 0.3236 2
1.8497 0.6248 0.61335 2
0.073498 -0.20966 -0.31413 2
2.04 0.63911 0.46359 2
0.80233 0.40284 0.37512 2
0.88188 0.36378 0.35898 2
1.002 -0.20295 -0.19158 2
-0.34046 -0.41188 -0.42429 2
1.5724 0.38534 0.18327 2
-0.51611 -0.43385 -0.4163 2
0.87011 -0.068645 -0.20665 2
1.8748 0.53711 0.39799 2
-0.31912 -0.10016 -0.21095 2
0.54656 0.11777 0.24233 2
-0.28425 -0.2461 -0.37477 2
0.068704 -0.31369 -0.34107 2
0.41772 0.16051 0.20396 2
-0.42212 -0.34033 -0.2397 2
-0.38013 -0.24096 -0.2822 2
0.85938 0.16734 0.25003 2
0.76035 0.39021 0.29727 2
0.68894 0.1666 0.26882 2
0.66006 0.26844 0.24857 2
1.4365 0.18846 0.058536 2
1.2359 0.066107 -0.077235 2
1.2243 0.47844 0.51154 2
1.64 0.078807 0.024485 2
1.8997 0.63603 0.2943 2
1.201 0.539 0.43962 2
-0.50874 -0.41254 -0.39977 2
0.90981 0.49748 0.42462 2
0.99905 0.4038 0.41313 2
-0.13679 -0.27713 -0.1817 2
-0.10135 -0.1974 -0.069674 2
0.34532 0.14033 0.16838 2
-0.0025436 0.082098 0.11111 2
-0.27611 -0.41088 -0.34892 2
0.21665 -0.020723 -0.24368 2
1.9154 0.49557 0.32705 2
1.057 0.242 0.0084684 2
-0.049342 -0.31955 -0.36822 2
2.083 0.63377 0.46057 2
0.65286 0.20656 0.2055 2
-0.55876 -0.38423 -0.4087 2
-0.41492 -0.31623 -0.29471 2
-0.24902 -0.38334 -0.40611 2
0.71919 0.29059 0.25172 2
-0.021107 -0.067177 -0.061451 2
0.36202 -0.35751 -0.31089 2
1.9905 0.7791 0.56693 2
2.0877 0.65945 0.54782 2
0.80269 -0.12432 -0.16382 2
1.9859 0.65286 0.59228 2
1.8186 0.45596 0.36722 2
0.31153 0.18278 0.18475 2
1.8666 0.42783 0.18473 2
2.1671 0.74059 0.55883 2
-0.020214 -0.26951 -0.34624 2
0.11171 0.11639 0.086333 2
-0.19843 -0.03877 -0.15009 2
1.746 0.65751 0.50861 2
0.64977 0.31014 0.28205 2
0.71452 -0.12073 -0.24998 2
1.9455 0.53286 0.45322 2
-0.25374 -0.23867 -0.1313 2
-0.38613 -0.39461 -0.35523 2
1.4371 0.64014 0.49726 2
-0.097587 -0.26107 -0.28072 2
0.5426 -0.18909 -0.32245 2
2.1576 0.9474 0.62268 2
1.5493 0.62665 0.57017 2
1.7011 0.36606 0.24778 2
1.1236 0.055955 -0.10678 2
1.8318 0.665 0.56099 2
0.30827 0.27892 0.18019 2
1.4422 0.26434 0.22964 2
1.7863 0.56025 0.46192 2
-0.24892 -0.1174 -0.054132 2
1.486 0.56956 0.59849 2
-0.0088086 -0.16186 -0.11933 2
-0.1026 -0.34927 -0.31518 2
1.6863 0.40147 0.32843 2
0.22823 0.09852 0.11028 2
-0.50063 -0.1943 -0.2422 2
-0.33286 -0.419 -0.33312 2
1.1194 0.22738 0.34195 2
0.68103 0.40617 0.35314 2
0.34506 -0.1777 -0.24971 2
1.42 0.49194 0.47381 2
1.4278 0.32345 0.11957 2
0.79868 0.44522 0.35441 2
1.1437 0.24077 -0.060771 2
0.92857 0.47132 0.37838 2
0.46336 0.21724 0.26333 2
2.0943 0.46619 0.40459 2
1.8944 0.34708 0.24454 2
1.94 0.58538 0.48275 2
-0.029856 -0.079453 -0.057784 2
0.97242 0.54487 0.44947 2
-0.07403 0.013708 -0.16714 2
1.8974 0.36311 0.29336 2
-0.49137 -0.30155 -0.33866 2
1.7215 0.30663 0.1695 2
-0.39491 -0.31573 -0.28177 2
-0.32966 -0.1851 -0.30247 2
0.26211 0.20539 0.079989 2
0.78245 0.011488 -0.19926 2
-0.17419 -0.41389 -0.35704 2
-0.12959 -0.20713 -0.21196 2
0.96881 0.45454 0.35169 2
-0.53018 -0.47716 -0.39302 2
0.783 0.33765 0.34584 2
0.66504 0.46781 0.37626 2
0.32822 0.12346 0.1394 2
0.018885 -0.38569 -0.38727 2
0.92755 -0.096184 -0.13585 2
2.0062 0.6339 0.5588 2
0.56003 0.40038 0.30673 2
2.2493 0.83286 0.54599 2
2.2149 0.72295 0.57163 2
1.3068 0.45026 0.44921 2
1.6838 0.7734 0.5735 2
1.2327 0.11187 -0.043292 2
0.86491 -0.053157 -0.17771 2
0.97031 0.1881 -0.076247 2
1.279 0.35134 0.0067014 2
0.80138 -0.15481 -0.229 2
-0.13014 0.029764 -0.019493 2
1.9202 0.66505 0.45706 2
0.66756 -0.031221 -0.19933 2
1.7319 0.34521 0.2932 2
1.8518 0.6666 0.56779 2
0.8836 0.45027 0.31303 2
0.68588 0.055843 0.17643 2
0.80562 0.29763 0.32352 2
0.78211 0.2253 0.27447 2
1.8903 0.52973 0.43345 2
-0.074097 -0.23476 -0.265 2
2.1843 0.68552 0.54397 2
0.69373 0.35052 0.27129 2
1.8924 0.70996 0.60057 2
1.7284 0.49265 0.39772 2
1.9871 0.59198 0.46999 2
0.2465 0.061706 0.12911 2
0.80046 -0.3017 -0.18362 2
-0.22727 -0.23721 -0.13477 2
1.8619 0.40761 0.44753 2
1.9723 0.65717 0.3512 2
-0.17305 -0.30467 -0.42785 2
0.36671 0.080383 0.14036 2
1.8141 0.64977 0.58454 2
-0.19809 -0.15256 -0.07779 2
1.9453 0.48958 0.29214 2
-0.21957 -0.19208 -0.13862 2
1.0145 0.49287 0.42353 2
-0.47368 -0.42345 -0.42815 2
0.80595 0.3875 0.33803 2
-0.061834 -0.16042 -0.029415 2
0.46107 0.19178 0.23786 2
1.9407 0.42422 0.29214 2
-0.40342 -0.057975 -0.1258 2
1.4889 0.17057 0.12607 2
1.5904 0.21031 0.11066 2
0.8736 -0.29208 -0.287 2
0.6206 -0.017442 -0.12894 2
2.0311 0.51882 0.4999 2
-0.12185 -0.34242 -0.35141 2
-0.051621 -0.36087 -0.34262 2
-0.32915 -0.38697 -0.33372 2
-0.64308 -0.29581 -0.33831 2
1.0793 -0.033136 -0.13315 2
0.80579 0.081357 -0.12984 2
2.3351 0.7987 0.55735 2
1.551 0.16891 0.098135 2
-0.14814 -0.29304 -0.23769 2
0.214 0.22082 0.14631 2
-0.49842 -0.60782 -0.46925 2
0.70466 -0.058466 -0.19658 2
0.36357 -0.038248 0.13655 2
1.5555 0.27018 0.081226 2
2.0407 0.4981 0.42328 2
1.9564 0.43904 0.42272 2
1.3353 0.50011 0.46117 2
-0.51049 -0.3954 -0.32359 2
0.038103 0.06425 0.011731 2
1.8507 0.47922 0.4189 2
0.61554 0.13761 0.20069 2
2.0517 0.68246 0.49931 2
0.40789 -0.13219 -0.26584 2
1.8684 0.59416 0.5271 2
0.94982 0.48632 0.42712 2
1.8432 0.2092 0.2121 2
-0.36345 -0.32685 -0.36293 2
0.67681 0.4497 0.33384 2
-0.56352 -0.24478 -0.30022 2
-0.55511 -0.42675 -0.45886 2
0.0078745 -0.031874 0.037723 2
1.5725 0.39564 0.16157 2
1.9838 0.53596 0.34045 2
0.0059839 -0.19932 -0.3169 2
0.15229 -0.22117 -0.36676 2
1.7391 0.36611 0.28839 2
1.8963 0.61811 0.50563 2
0.53738 -0.22282 -0.25202 2
2.226 0.76399 0.51157 2
0.23907 -0.28582 -0.29466 2
0.16646 -0.09747 0.0026472 2
-0.11014 -0.08635 -0.19641 2
1.1384 0.14928 -0.096092 2
-0.20702 -0.011861 -0.072778 2
0.99772 0.57402 0.45579 2
1.5527 0.60525 0.53719 2
0.81889 0.31488 0.32245 2
-0.25002 -0.20981 -0.25745 2
1.8177 0.57871 0.50654 2
-0.48062 -0.49485 -0.40631 2
-0.15586 0.025789 -0.099586 2
0.10135 -0.20281 -0.30265 2
0.1817 -0.26622 -0.36544 2
0.99246 0.1787 -0.061442 2
1.3057 0.10271 -0.010443 2
0.90893 -0.12764 -0.18736 2
1.717 0.38057 0.1464 2
0.82862 0.093488 -0.17594 2
-0.16719 -0.30877 -0.34529 2
0.17479 0.076935 0.12552 2
1.5862 0.26505 0.26914 2
1.5741 0.56526 0.53463 2
2.0245 0.5378 0.41888 2
0.8698 -0.16948 -0.15232 2
0.83444 0.56397 0.43438 2
0.45556 -0.25936 -0.29436 2
1.4772 0.26212 0.083236 2
-0.24445 -0.4485 -0.47047 2
0.79711 -0.033956 -0.19056 2
-0.52929 -0.38903 -0.31024 2
1.7076 0.30954 0.20431 2
1.7712 0.59904 0.48499 2
-0.003792 -0.3281 -0.3515 2
-0.27294 -0.099068 -0.18687 2
1.7178 0.55635 0.4744 2
0.4415 -0.19988 -0.27085 2
1.9371 0.69117 0.64486 2
-0.0048443 0.11123 0.075863 2
-0.064256 -0.30984 -0.29652 2
0.29914 0.21231 0.099707 2
1.4666 0.39143 0.4119 2
0.15083 -0.22456 -0.35816 2
0.27636 0.020638 -0.19524 2
1.9979 0.86237 0.54419 2
1.9562 0.70758 0.51393 2
1.8692 0.71875 0.66151 2
1.8067 0.39855 0.33925 2
1.0296 0.60082 0.45342 2
1.9566 0.44756 0.34413 2
-0.49877 -0.16107 -0.26274 2
0.71241 -0.1871 -0.23767 2
1.7917 0.47021 0.33356 2
1.6506 0.41168 0.15908 2
-0.062947 -0.23943 -0.35049 2
0.34036 0.26214 0.21029 2
0.19753 0.071395 0.10063 2
0.58392 0.39548 0.29542 2
-0.47505 -0.20607 -0.22825 2
1.7218 0.49337 0.18958 2
1.578 0.36401 0.16842 2
1.628 0.29406 0.13229 2
1.2581 0.37584 0.43225 2
-0.31767 -0.31567 -0.23112 2
1.9294 0.58856 0.46909 2
1.1261 0.14314 -0.052543 2
0.31138 0.17875 0.078791 2
-0.030751 -0.13877 -0.29063 2
0.51551 -0.10382 -0.20044 2
0.66299 -0.10118 -0.26219 2
1.7676 0.55384 0.30121 2
1.2035 0.48466 0.42052 2
0.37208 0.16413 0.10252 2
-0.12629 -0.41063 -0.35328 2
-0.32009 -0.24701 -0.31998 2
0.75144 0.049661 -0.19801 2
0.65739 -0.074128 -0.18731 2
0.28733 0.02263 0.033957 2
1.7732 0.31108 0.35353 2
2.0144 0.5938 0.48895 2
-0.11017 -0.16379 -0.18037 2
0.15516 0.089596 0.062146 2
1.216 0.16613 -0.046759 2
0.86841 0.24189 0.32654 2
-0.56893 -0.53696 -0.51385 2
1.3084 0.59624 0.45206 2
1.8756 0.55429 0.4926 2
2.0648 0.60549 0.5108 2
0.30019 -0.12442 -0.28423 2
1.9748 0.5385 0.45142 2
0.17086 -0.047891 -0.14232 2
1.7842 0.32514 0.31003 2
1.688 0.54944 0.51962 2
1.7733 0.57278 0.49342 2
0.20477 -0.2215 -0.30157 2
2.0866 0.49949 0.43284 2
0.6021 -0.27172 -0.27877 2
-0.5907 -0.45475 -0.36673 2
-0.4594 -0.43637 -0.30822 2
2.072 0.64219 0.49394 2
1.3773 0.15962 -0.041273 2
1.3857 0.48164 0.44905 2
1.9031 0.56403 0.47088 2
-0.0083172 -0.10658 -0.27646 2
-0.30393 -0.20745 -0.17848 2
2.0049 0.82708 0.71653 2
0.22538 0.18123 0.10816 2
1.8768 0.93243 0.68182 2
0.00035714 0.11985 0.11759 2
0.49847 0.31014 0.26541 2
-0.1887 -0.32137 -0.31637 2
0.29056 -0.45761 -0.40037 2
-0.33131 -0.35737 -0.36803 2
1.3724 0.25981 0.37919 2
1.7706 0.46647 0.38934 2
0.52083 -0.19384 -0.32325 2
0.47157 -0.33062 -0.33559 2
0.23479 -0.10978 -0.27284 2
0.72216 0.10276 0.2734 2
0.54328 -0.15188 -0.26067 2
1.1433 0.24514 0.35655 2
1.0153 -0.04344 -0.1036 2
0.38065 -0.14342 -0.25679 2
-0.031418 -0.041122 -0.010475 2
1.4786 0.15733 0.0012819 2
0.70548 -0.088408 -0.27981 2
2.0404 0.61921 0.48319 2
1.852 0.57713 0.50329 2
-0.19593 -0.22412 -0.27817 2
0.72894 0.36699 0.29849 2
1.6069 0.29062 0.18124 2
1.8782 0.44533 0.36006 2
0.37053 0.20577 0.19873 2
0.37974 0.12374 0.11582 2
1.7797 0.35342 0.24247 2
0.10678 -0.085301 -0.18062 2
1.7969 0.44803 0.21054 2
1.7897 0.50284 0.39221 2
1.3894 0.015756 -0.0077439 2
-0.15165 -0.10348 -0.13554 2
1.5876 0.046212 0.10342 2
1.6352 0.43331 0.38286 2