-0.40557 -0.29835 -0.87684 -0.2225 0.19214 1
-0.50538 -0.65954 -0.4094 -0.34127 -0.8051 1
-0.30568 0.11321 0.012962 -0.33787 0.032061 1
-0.11108 -0.055015 -0.49278 -0.033584 0.39624 1
-0.63108 -0.58361 -0.9358 -0.29323 -0.16123 1
-0.52867 -0.64629 -0.4297 -0.32234 -0.82845 1
-0.65605 -0.34567 -0.69105 -0.41263 0.051936 1
-0.861 -0.56871 -0.80396 -0.63114 -0.40281 1
0.6017 0.16149 0.15791 0.58581 0.34752 1
-0.48648 -0.19666 -0.66655 -0.30247 0.059898 1
-0.52577 -0.35863 -0.30829 -0.41108 -0.31359 1
0.45427 0.02031 0.17726 0.46839 0.21368 1
0.71523 0.024925 0.43921 0.75377 0.24866 1
0.79688 0.16857 0.42403 0.7985 0.40117 1
0.47678 0.53454 0.41259 0.28808 0.60773 1
-1.1461 -0.75591 -1.1699 -0.86218 -0.65632 1
0.83247 0.48428 0.72204 0.66917 0.42529 1
-0.50107 0.045917 0.0030699 -0.55712 -0.24797 1
0.13732 0.32971 -0.091215 0.10634 0.58726 1
-0.065482 0.3011 0.018605 -0.12355 0.35174 1
0.13984 -0.17758 -0.22248 0.23715 -0.025604 1
0.1008 -0.31307 -0.10239 0.19102 -0.21429 1
0.21921 -0.038794 0.25668 0.16221 -0.44505 1
-0.39052 -0.38752 -0.74719 -0.21185 0.019063 1
0.12727 0.22661 0.43709 -0.044918 -0.15391 1
0.713 0.15306 0.44334 0.67147 0.25863 1
0.5326 0.037336 0.12967 0.54014 0.24579 1
-1.0104 -0.45767 -0.75135 -0.90683 -0.63283 1
-0.017647 0.23243 0.38569 -0.18185 -0.091819 1
0.90063 0.63237 0.82579 0.70044 0.57164 1
-0.1965 -0.48155 -0.12001 -0.11695 -0.57783 1
0.73058 0.61355 0.99796 0.44812 0.24813 1
-0.80543 -0.61996 -1.0641 -0.58583 -0.45417 1
-0.27148 -0.3287 0.082005 -0.29217 -0.82671 1
0.99211 0.67939 0.85326 0.73379 0.61975 1
-0.10814 0.094521 0.36462 -0.29248 -0.36009 1
-0.52541 -0.28225 -0.077894 -0.48337 -0.58018 1
0.55938 0.56867 0.26383 0.44425 0.78098 1
0.97343 0.43068 0.57321 0.83593 0.59302 1
-0.77944 -0.81307 -0.77787 -0.49702 -0.67941 1
0.69509 0.83045 0.82265 0.49592 0.70817 1
-0.70671 -0.40291 -0.92001 -0.49946 -0.20608 1
0.053654 0.37463 0.24734 -0.048902 0.33476 1
-0.2746 0.26478 0.097147 -0.42246 -0.14233 1
-0.096003 0.15962 -0.3619 -0.026888 0.57913 1
0.27118 0.31901 0.62977 0.10373 0.070502 1
-0.94571 -0.76184 -1.0759 -0.64124 -0.44251 1
0.09552 0.36483 0.50771 -0.15826 -0.26762 1
0.68999 0.25581 0.27455 0.71133 0.54758 1
-0.33184 -0.5518 -0.78404 -0.11301 -0.17744 1
-0.29335 0.063378 0.17422 -0.40495 -0.27004 1
-0.41432 -0.46806 -0.22429 -0.32349 -0.49692 1
-0.5587 -0.19826 -0.82942 -0.41425 0.061835 1
-0.012592 0.17735 0.50617 -0.14627 -0.30335 1
0.84745 0.49027 0.59543 0.72815 0.64177 1
-0.1541 -0.083284 0.31599 -0.22213 -0.66676 1
-0.66807 -0.66809 -0.7252 -0.44715 -0.37485 1
-0.59388 -0.22675 -0.68567 -0.4599 -0.070217 1
-0.75021 -0.44743 -0.65011 -0.51504 -0.21162 1
-0.22318 0.28417 -0.018502 -0.34523 0.24808 1
1.0374 0.61108 0.97651 0.76362 0.45506 1
-0.76011 -0.63194 -0.57674 -0.60608 -0.74631 1
0.80501 0.74463 0.82214 0.6082 0.87684 1
-0.35249 0.04274 0.098175 -0.41462 -0.33286 1
0.65921 0.18764 0.50044 0.5972 0.12638 1
0.61205 0.5614 0.40491 0.43001 0.60034 1
-0.90496 -0.52939 -1.0982 -0.67167 -0.33887 1
0.14375 0.26242 0.61178 -0.034948 -0.22445 1
0.85724 0.74017 0.79443 0.65532 0.66972 1
-0.12506 0.31706 0.29937 -0.22478 0.14411 1
0.94067 0.78632 1.0508 0.58247 0.54207 1
-0.28396 -0.53152 -0.80187 -0.055764 0.042357 1
-0.11298 0.25522 -0.012309 -0.1802 0.3387 1
0.050827 0.43815 0.40293 -0.20016 0.0090724 1
-0.5637 -0.02573 -0.2404 -0.57283 -0.16855 1
-0.15516 -0.18822 0.1753 -0.083713 -0.15533 1
-0.026833 0.33583 0.37631 -0.18531 0.11177 1
-0.013 0.16006 0.26803 -0.11186 0.15966 1
0.75662 0.47261 0.70386 0.51542 0.088786 1
0.23678 -0.045712 -0.1746 0.33398 0.20066 1
-0.051934 -0.46019 -0.50777 0.20449 0.030119 1
0.34 0.074952 0.4958 0.20931 -0.27814 1
-0.51055 0.16203 -0.23805 -0.60012 -0.02204 1
-0.90371 -0.71018 -0.84243 -0.66259 -0.70996 1
-0.60215 -0.63799 -0.9279 -0.31553 -0.20746 1
-0.4371 0.11052 0.048546 -0.57603 -0.39996 1
-0.74356 -0.5424 -0.49663 -0.66478 -0.97499 1
-0.81171 -0.47744 -0.83012 -0.52078 -0.10067 1
0.73138 0.5373 0.50785 0.616 0.58697 1
0.012626 0.41484 0.13212 -0.12249 0.3203 1
0.77462 0.58234 0.55981 0.59938 0.54749 1
0.86951 0.72693 0.94016 0.59305 0.56128 1
-0.0024346 -0.28342 0.11182 -0.068248 -0.61266 1
0.90176 0.4407 0.70869 0.78795 0.5242 1
0.60562 0.56424 0.4275 0.41122 0.55273 1
0.71788 0.068471 0.41372 0.69803 0.22758 1
-1.2113 -0.72185 -1.0976 -1.0086 -0.97587 1
-0.97854 -0.72182 -1.0907 -0.65841 -0.40603 1
-0.8647 -0.77562 -1.0488 -0.58383 -0.59079 1
0.41758 0.48938 0.73508 0.17821 0.13086 1
0.14218 -0.20523 -0.2928 0.31256 0.20857 1
-0.34905 -0.10785 0.13396 -0.41438 -0.60754 1
0.57954 0.67634 0.63963 0.35649 0.54071 1
-0.96276 -0.38555 -0.93643 -0.77082 -0.41794 1
-0.061039 -0.25239 -0.60719 0.10589 0.32272 1
0.51811 0.69059 1.0596 0.16045 -0.073107 1
0.86853 0.48125 0.44264 0.77343 0.82594 1
0.82824 0.52459 1.1348 0.54543 0.11198 1
-1.06 -0.77755 -1.0812 -0.79268 -0.82251 1
-0.21824 -0.42447 -0.19643 -0.14292 -0.58239 1
0.48334 0.40884 0.15335 0.41638 0.66177 1
-0.12351 0.13827 0.03836 -0.1603 0.24522 1
-0.63898 -0.59626 -0.98452 -0.3417 -0.27025 1
0.042195 0.37269 0.53674 -0.14818 -0.044615 1
-0.56559 -0.40234 -0.85768 -0.3288 -0.048586 1
-0.41112 -0.19158 -0.68429 -0.27987 0.11112 1
0.73754 0.65183 0.85779 0.48642 0.45274 1
-0.78079 -0.72308 -0.72766 -0.53679 -0.62704 1
-0.27231 -0.31019 -0.059024 -0.2625 -0.70387 1
-0.049368 -0.036356 0.35583 -0.11515 -0.47715 1
0.72358 0.24386 0.57988 0.63762 0.1779 1
0.73832 0.79337 0.93249 0.44997 0.47954 1
0.016297 -0.15895 0.28472 -0.0074865 -0.52012 1
-0.43561 -0.003715 -0.23719 -0.4229 -0.01987 1
-0.036978 -0.3343 -0.16308 0.095123 -0.31404 1
0.076196 0.26098 0.48111 -0.056799 -0.028737 1
0.84515 0.32164 0.51839 0.72929 0.4395 1
0.82428 0.80527 0.93435 0.512 0.6212 1
-0.099454 -0.093979 -0.53028 -0.013482 0.279 1
0.6144 0.79273 0.70967 0.37594 0.70228 1
-0.62277 -0.7587 -0.7921 -0.35668 -0.59598 1
-0.63059 -0.58896 -0.36106 -0.54708 -0.8073 1
-0.12537 -0.16352 -0.50725 0.036076 0.26908 1
-0.79486 -0.247 -0.54317 -0.75822 -0.34549 1
-0.73475 -0.10174 -0.13103 -0.84941 -0.64494 1
-0.36823 -0.50879 -0.29621 -0.23546 -0.60054 1
-0.75568 -0.74518 -0.67679 -0.55301 -0.99713 1
-0.098936 0.11024 0.30671 -0.20282 -0.018957 1
0.6394 0.32976 0.71152 0.47583 0.013538 1
0.44687 0.15221 0.027212 0.43072 0.36595 1
-0.11009 -0.30236 -0.55858 0.15549 0.41472 1
-0.97326 -0.93905 -1.0628 -0.66839 -0.86323 1
-0.93994 -0.78548 -0.88747 -0.63798 -0.66019 1
-0.23152 -0.49088 -0.71474 0.0089477 -0.088712 1
0.81502 0.37832 0.47518 0.79869 0.62195 1
0.22743 0.028209 0.47515 0.1647 -0.33023 1
-0.95361 -0.7128 -0.87034 -0.69668 -0.54714 1
-0.5648 -0.59728 -0.89115 -0.26297 -0.053387 1
-0.66503 -0.75648 -0.83446 -0.32489 -0.42398 1
0.76256 0.66566 0.85714 0.36417 0.31458 1
0.57124 0.32814 0.26644 0.46864 0.31935 1
-0.17773 -0.2777 0.060458 -0.15944 -0.59687 1
-0.1791 0.20909 0.3913 -0.34234 -0.28219 1
0.59148 0.045767 0.27492 0.631 0.20307 1
0.24047 0.46542 0.6879 0.00089557 -0.046267 1
0.20644 0.053589 0.52669 0.069182 -0.18357 1
0.50606 0.6806 0.41854 0.28827 0.73854 1
0.61732 0.3348 0.38953 0.5364 0.34161 1
0.69494 0.76892 0.74518 0.29832 0.30591 1
-0.63293 -0.43997 -0.91907 -0.412 -0.14849 1
-0.94711 -0.34205 -0.63397 -0.8265 -0.45158 1
0.44915 -0.060438 0.11363 0.50003 0.1457 1
0.59846 0.38468 0.29504 0.49452 0.65224 1
0.30605 0.35647 -0.035054 0.30523 0.78697 1
-0.84907 -0.40639 -0.7272 -0.66771 -0.34413 1
0.46212 0.15271 0.20559 0.45323 0.22038 1
0.30825 -0.18856 -0.087179 0.43609 0.049999 1
0.91593 0.68519 0.89477 0.67848 0.66505 1
0.035828 -0.5241 -0.42475 0.30904 0.002087 1
0.27145 -0.0061985 0.50905 0.17856 -0.32961 1
0.052001 -0.19054 -0.40884 0.18383 0.25904 1
-0.94075 -0.77998 -1.0293 -0.68202 -0.54682 1
0.53351 0.23052 0.57229 0.4605 0.056143 1
-0.28258 -0.3384 -0.056832 -0.24241 -0.51682 1
0.55113 0.52559 0.83042 0.31704 -0.023872 1
-0.081353 -0.32383 0.0041692 0.0085695 -0.48221 1
-0.38511 -0.076519 -0.62604 -0.26413 0.21119 1
0.4923 0.14209 0.19595 0.50898 0.19878 1
-0.095297 0.21232 -0.10816 -0.13007 0.31684 1
0.63856 0.28128 0.51621 0.54233 0.17181 1
0.22421 0.6297 0.55337 -0.011511 0.42405 1
-0.79506 -0.82219 -0.98204 -0.48115 -0.50526 1
0.18113 0.34587 0.64286 -0.06192 -0.11285 1
-0.83999 -0.81784 -1.0388 -0.56609 -0.6639 1
0.79793 0.6098 0.96925 0.47223 0.18515 1
-0.48186 -0.22213 -0.68933 -0.36618 0.080726 1
-0.34069 -0.15706 0.14541 -0.35826 -0.55203 1
-0.15894 0.22782 -0.19161 -0.20331 0.21253 1
-0.092056 -0.42113 -0.14113 0.013099 -0.42757 1
-0.6655 -0.5092 -0.36228 -0.5606 -0.82223 1
-0.91875 -0.69895 -0.90738 -0.57705 -0.46314 1
0.77056 0.65818 1.1164 0.50423 0.31299 1
0.21283 0.17779 0.58201 -0.014765 -0.27385 1
0.76749 0.66468 1.0119 0.45376 0.1521 1
-0.051834 0.19602 -0.015916 -0.016971 0.51403 1
0.63388 0.76277 0.71356 0.38923 0.67691 1
0.39612 0.37808 0.7472 0.1419 -0.147 1
-0.16318 -0.0062559 0.3699 -0.2982 -0.56461 1
0.59792 0.7406 0.80721 0.32357 0.43858 1
-0.9152 -0.52445 -0.77718 -0.73342 -0.46962 1
-0.8238 -0.73468 -0.93953 -0.57405 -0.4556 1
-0.16473 -0.28496 -0.57003 0.077279 0.15962 1
-0.62609 -0.23706 -0.38303 -0.5383 -0.172 1
0.9284 0.55035 0.86923 0.70553 0.38564 1
-0.057428 -0.36535 0.053929 -0.032604 -0.58815 1
0.092691 0.49485 0.45794 -0.12729 0.27982 1
-0.37744 -0.58766 -0.46913 -0.22057 -0.6834 1
0.65486 0.78588 0.87464 0.32212 0.56944 1
0.58849 0.037635 0.30765 0.64147 0.21901 1
-0.34864 0.012963 -0.45603 -0.26862 0.42259 1
0.44162 -0.062768 0.32684 0.36891 -0.22244 1
0.53398 0.099735 0.15004 0.50753 0.31215 1
0.49712 0.57311 0.35021 0.35545 0.561 1
-0.17621 -0.44703 -0.75649 0.1193 0.1628 1
0.42124 0.34065 0.78938 0.20953 -0.27176 1
0.92775 0.43852 0.57621 0.73404 0.4491 1
0.97963 0.73544 0.89469 0.70085 0.56117 1
0.37691 -0.168 -0.073479 0.42546 0.10954 1
0.064624 0.31169 -0.036029 -0.01272 0.54873 1
0.20461 0.46413 0.1418 0.02624 0.6427 1
-0.52259 -0.53331 -0.42263 -0.37301 -0.77251 1
0.0099015 0.39141 0.056748 -0.097831 0.48776 1
-0.61254 -0.23448 -0.34484 -0.54171 -0.31972 1
0.20057 0.3891 0.16292 0.14697 0.53293 1
0.3418 0.079181 -0.071759 0.38405 0.34169 1
-0.017795 0.12118 0.36547 -0.11498 -0.25905 1
-0.037464 -0.26964 0.11703 -0.011661 -0.52011 1
-0.0007189 0.38974 0.22896 -0.11655 0.33612 1
-0.060905 -0.35134 -0.029885 0.0031774 -0.54159 1
0.35445 0.5291 0.55634 0.21709 0.62907 1
1.0684 0.90753 0.99718 0.74511 0.71271 1
0.3801 0.56403 0.56962 0.12967 0.36186 1
-0.90324 -0.4381 -0.95888 -0.68848 -0.20858 1
0.28999 0.50601 0.40257 0.079268 0.35174 1
-0.59172 -0.17337 -0.2814 -0.57001 -0.29769 1
0.19099 0.49287 0.14591 0.068939 0.60655 1
-0.55921 -0.72112 -0.50812 -0.31966 -0.65325 1
-0.36347 0.11293 -0.14976 -0.33255 0.25367 1
-0.37731 0.0052298 -0.37355 -0.30389 0.40425 1
0.33015 -0.046703 0.047164 0.34428 0.022748 1
0.31586 0.32595 0.66186 0.13283 -0.0076194 1
0.0014742 0.45227 0.16644 -0.18167 0.34343 1
0.73837 0.75124 0.91954 0.4302 0.35229 1
0.67298 0.8829 0.77451 0.3209 0.58373 1
1.0231 0.80026 0.83404 0.83721 1.0156 1
0.036487 0.44756 0.32331 -0.19463 0.091126 1
-0.063539 0.20732 0.41236 -0.20688 -0.20931 1
0.15878 0.27963 0.53985 -0.062972 -0.12536 1
0.29039 -0.21848 0.14785 0.2626 -0.22541 1
0.10509 0.36227 0.013246 0.058502 0.54898 1
-0.54401 0.060748 -0.11421 -0.56742 -0.16588 1
0.070327 -0.25 0.096174 0.1126 -0.39426 1
0.43884 0.50177 0.79112 0.19315 0.12907 1
0.46292 0.12206 0.58181 0.34639 -0.17134 1
0.39023 0.64277 0.83189 0.033101 0.095024 1
-0.83691 -0.76165 -0.83909 -0.57324 -0.71762 1
0.47719 0.46554 0.19527 0.3805 0.8806 1
-0.51968 -0.18051 -0.075947 -0.53397 -0.48693 1
-0.18727 -0.36053 -0.07077 -0.16777 -0.75248 1
-0.23688 -0.28601 0.081182 -0.21103 -0.61562 1
-0.80843 -0.81965 -1.0691 -0.49717 -0.40687 1
0.23651 -0.32304 0.10587 0.35945 -0.17561 1
0.30708 -0.14804 0.17727 0.28506 -0.23089 1
-0.19502 -0.56364 -0.53901 -0.0080065 -0.42332 1
-0.37227 -0.34676 -0.70037 -0.15279 0.026073 1
-0.59137 -0.20552 -0.41963 -0.5248 -0.21027 1
0.14443 0.21157 0.51645 0.033623 -0.015902 1
-0.89581 -0.61907 -0.97902 -0.55878 -0.17128 1
0.348 0.065355 -0.032304 0.4167 0.5097 1
-0.69038 -0.16459 -0.31547 -0.72086 -0.48173 1
-0.76931 -0.76285 -1.0642 -0.48165 -0.42638 1
-0.039182 0.28421 -0.13705 -0.059802 0.57464 1
0.67291 0.56372 0.8054 0.37837 0.35193 1
0.83085 0.76086 1.0652 0.53996 0.47743 1
-0.40735 -0.28424 -0.067031 -0.3488 -0.59901 1
-0.40428 0.10817 -0.037075 -0.47764 -0.17302 1
-0.40344 -0.01037 -0.1547 -0.44999 -0.040419 1
0.046121 -0.13378 0.27473 -0.022051 -0.5747 1
-0.59269 -0.35506 -0.94762 -0.39913 0.0842 1
0.33775 0.35022 0.01985 0.30187 0.65651 1
-0.040997 0.089902 -0.3455 3.18E-05 0.40635 1
-0.84348 -0.76369 -1.077 -0.52984 -0.50196 1
0.6867 0.19623 0.47459 0.63989 0.24777 1
0.35781 0.35036 0.71953 0.18367 -0.13302 1
0.090708 0.22996 -0.15081 0.05715 0.49389 1
0.01195 -0.35136 -0.45605 0.21214 0.097312 1
-0.27635 -0.2351 -0.63278 -0.082359 0.15541 1
0.38981 0.54216 0.24045 0.25652 0.70708 1
-0.55269 -0.71993 -0.82877 -0.28443 -0.45271 1
-0.48654 -0.20131 -0.042584 -0.49455 -0.54373 1
-0.56194 -0.21347 -0.11489 -0.52876 -0.54425 1
0.33596 -0.19969 0.19302 0.39444 -0.14942 1
-0.30868 -0.45974 -0.74209 -0.040393 0.12652 1
-0.057594 0.23851 -0.010851 -0.080161 0.40668 1
0.76795 0.43026 0.81124 0.6017 0.2471 1
-0.77023 -0.43297 -0.56667 -0.5764 -0.21227 1
-0.2897 -0.29584 -0.66019 -0.082076 0.14297 1
0.037954 0.424 0.45722 -0.12465 0.10985 1
-0.021869 0.34432 -0.071141 -0.081564 0.39124 1
-0.88314 -0.78789 -0.7681 -0.64842 -0.88194 1
0.0059372 -0.030958 -0.40184 0.1542 0.58006 1
-0.50581 -0.5538 -0.34554 -0.37568 -0.79014 1
0.65814 0.6801 0.58717 0.4427 0.64504 1
0.065747 -0.28708 0.2243 0.11021 -0.37485 1
-0.20996 0.037091 -0.50816 -0.11582 0.40784 1
0.54546 0.32562 0.8041 0.39889 0.028888 1
-0.4522 -0.60846 -0.70027 -0.22147 -0.49571 1
-0.039412 0.37455 0.2031 -0.19041 0.19727 1
0.39654 -0.18272 -0.064599 0.54594 0.25785 1
0.52145 0.27846 0.24015 0.43233 0.34318 1
-0.27471 -0.38135 -0.03148 -0.14214 -0.52772 1
-0.026244 0.42215 0.34964 -0.14711 0.18737 1
0.33826 0.58387 0.34762 0.12582 0.42086 1
-0.44707 -0.3788 -0.77852 -0.24594 0.066 1
-0.59807 -0.18256 -0.20295 -0.6222 -0.51752 1
0.71479 0.68261 0.84102 0.43142 0.32099 1
-1.0364 -0.729 -0.85511 -0.80361 -0.77408 1
0.31844 -0.27228 0.081434 0.44494 -0.0010885 1
-0.85731 -0.69301 -0.76807 -0.65161 -0.63045 1
0.63552 0.39605 0.20195 0.58597 0.82304 1
-0.15044 -0.33154 -0.58483 0.038782 0.0072694 1
-0.3536 -0.25175 -0.66689 -0.14952 0.21711 1
0.016132 -0.41221 -0.18872 0.13547 -0.2964 1
0.73549 0.72092 0.87946 0.3857 0.35051 1
0.47909 0.13311 0.42069 0.39676 -0.12236 1
0.70447 0.25432 0.36142 0.54185 0.19063 1
0.3369 0.7303 0.7198 0.044557 0.27162 1
0.93662 0.79365 0.9229 0.64167 0.57933 1
0.15212 0.36701 0.60115 -0.023902 -0.045035 1
-0.30339 0.18467 -0.33891 -0.3044 0.32358 1
-0.44435 -0.3109 -0.048506 -0.46639 -0.79317 1
0.54521 0.50441 0.2726 0.45171 0.78423 1
0.46517 0.65345 0.61854 0.20772 0.4617 1
0.93518 0.77908 1.0182 0.67541 0.68925 1
-0.55318 -0.062755 -0.22879 -0.5886 -0.27997 1
-0.43319 0.074396 -0.058553 -0.44012 -0.062064 1
-0.85618 -0.48652 -0.76904 -0.68169 -0.27575 1
0.87065 0.83413 1.018 0.53618 0.44388 1
0.812 0.44946 0.55341 0.63886 0.49118 1
0.43336 0.065848 0.015042 0.48907 0.38689 1
-0.47562 0.021226 -0.10881 -0.55235 -0.21865 1
0.31074 -0.023143 -0.16131 0.35523 0.30362 1
-0.73521 -0.59332 -0.83965 -0.46463 -0.27808 1
-0.27731 -0.035678 -0.60538 -0.17773 0.4244 1
-0.47506 0.14294 -0.051247 -0.55769 -0.16578 1
1.016 0.71564 1.0052 0.71244 0.50659 1
0.12967 -0.26016 0.18556 0.1754 -0.36516 1
0.71093 0.56216 0.98076 0.42838 0.27122 1
-0.3212 -0.51286 -0.41451 -0.1817 -0.60534 1
1.0161 0.4918 0.79118 0.84531 0.44191 1
0.050489 -0.067157 -0.45805 0.19604 0.54962 1
-0.072765 -0.37749 -0.42636 0.0080236 -0.33132 1
-0.1833 -0.40072 -0.63377 0.030353 0.2536 1
0.25054 0.27266 0.0037225 0.28623 0.60833 1
0.13205 -0.31597 -0.12824 0.23489 -0.22348 1
0.34642 0.094935 0.017396 0.31211 0.16883 1
0.97316 0.58596 0.93423 0.76439 0.5175 1
-0.79535 -0.80016 -1.2167 -0.47147 -0.3482 1
-0.43039 -0.47847 -0.19227 -0.35002 -0.92091 1
0.34532 -0.048555 -0.10219 0.39049 0.19447 1
0.58575 0.6636 0.85452 0.28188 0.36389 1
-0.33711 -0.5152 -0.80854 -0.065213 -0.080188 1
-0.87548 -0.47865 -0.47728 -0.85033 -0.99216 1
-0.33722 0.10004 0.081058 -0.47358 -0.27619 1
0.32092 -0.072824 -0.050376 0.42717 0.1344 1
0.78204 0.32839 0.6349 0.63524 0.25586 1
0.28632 -0.14541 0.19175 0.36543 -0.1203 1
-0.16104 -0.50289 -0.39768 0.018091 -0.40212 1
-0.61354 -0.47201 -0.88909 -0.38197 -0.094909 1
0.85434 0.47287 0.95646 0.62847 0.24031 1
-0.52417 0.10231 -0.0742 -0.56577 -0.19387 1
0.82436 0.81214 0.70305 0.58087 0.89332 1
0.58098 0.43469 0.85293 0.37462 0.0044307 1
0.72776 0.62493 0.9251 0.45974 0.21007 1
0.50567 0.044954 0.39952 0.43397 -0.06643 1
1.0968 0.79421 1.0683 0.83661 0.87964 1
0.71876 0.27441 0.46573 0.6795 0.279 1
0.74214 0.58341 1.0152 0.43843 0.16358 1
-0.76688 -0.78558 -0.64554 -0.52927 -0.89363 1
0.68268 0.27668 0.41013 0.67358 0.43469 1
-0.76062 -0.64413 -0.98984 -0.41756 -0.099063 1
0.13448 -0.17237 -0.43052 0.27207 0.28202 1
-1.0659 -0.83792 -1.0365 -0.77275 -0.80917 1
0.53775 0.092234 0.39492 0.52412 0.065698 1
0.19872 0.33052 0.74629 -0.018748 -0.28532 1
0.34494 -0.10557 -0.0097049 0.42341 0.16669 1
-0.73363 -0.6994 -0.71665 -0.47781 -0.46293 1
0.20972 -0.047448 0.39024 0.10436 -0.29225 1
-0.75129 -0.73253 -0.78349 -0.43849 -0.51645 1
1.0101 0.57526 0.79905 0.83586 0.49889 1
-0.38491 -0.6181 -0.69521 -0.10063 -0.33895 1
0.19159 0.34963 0.66328 -0.013684 -0.10566 1
-0.19639 -0.061975 -0.52532 -0.054064 0.43537 1
0.087113 -0.26796 -0.35153 0.16573 -0.016263 1
-0.82963 -0.56296 -0.95225 -0.56927 -0.30451 1
-0.17531 -0.21957 0.10607 -0.10088 -0.21653 1
-0.82896 -0.74286 -0.88999 -0.55299 -0.57973 1
0.37767 -0.062789 0.079146 0.47675 0.12602 1
0.38042 -0.0038038 0.4614 0.30395 -0.24874 1
0.73211 0.63935 0.69556 0.53269 0.58778 1
-0.57293 -0.66489 -0.82621 -0.24603 -0.38877 1
0.49803 0.57193 0.48422 0.29714 0.46587 1
0.4479 0.20683 0.53571 0.32966 -0.069122 1
0.83878 0.43859 0.58383 0.70827 0.58395 1
-0.20858 -0.38118 -0.14055 -0.1556 -0.59309 1
0.74714 0.39881 0.93395 0.51317 0.040764 1
1.1165 0.81069 1.0351 0.83452 0.71796 1
0.18039 0.13303 -0.1852 0.20065 0.42785 1
-0.33115 -0.30942 -0.73377 -0.1964 -0.015747 1
0.11986 0.46107 0.2219 -0.03782 0.46201 1
-0.88557 -0.6284 -0.77682 -0.67933 -0.52801 1
0.75495 0.67236 0.65807 0.62206 0.74643 1
-0.27499 -0.44209 -0.75765 -0.11388 -0.11614 1
-0.97339 -0.73462 -0.95612 -0.71957 -0.565 1
0.82377 0.79623 1.0509 0.46711 0.45404 1
-0.32296 0.11312 -0.31415 -0.31776 0.19743 1
-0.042675 -0.31812 -0.44185 0.090039 -0.061273 1
-0.84616 -0.43763 -0.61763 -0.7153 -0.52707 1
-0.61948 -0.66546 -0.94646 -0.34162 -0.34143 1
0.494 0.64193 0.48917 0.35854 0.6351 1
-0.70699 -0.37677 -0.83321 -0.49678 0.036531 1
-0.2735 -0.55884 -0.32435 -0.081927 -0.4786 1
-0.094398 0.23494 -0.23303 -0.15441 0.3785 1
0.83156 0.41408 0.52449 0.74122 0.60346 1
-0.33944 -0.10912 0.0099288 -0.40661 -0.3444 1
0.28844 -0.05819 -0.097419 0.39507 0.19601 1
0.23115 -0.040187 0.34731 0.16127 -0.26999 1
-0.51328 -0.53176 -0.43289 -0.37602 -0.73987 1
0.88777 0.53531 0.63637 0.74718 0.61154 1
0.021703 0.11685 0.49491 -0.11792 -0.44828 1
-0.018419 0.26398 0.31185 -0.24015 -0.078877 1
0.7219 0.69038 0.75272 0.48707 0.78829 1
0.76501 0.73989 1.0725 0.4761 0.38409 1
0.11842 -0.39618 0.011315 0.21983 -0.39006 1
0.37558 0.027986 -0.059267 0.46217 0.40747 1
0.29623 0.44416 0.189 0.19529 0.62507 1
-0.2959 0.11599 -0.20098 -0.38075 0.090388 1
-0.41094 -0.55383 -0.32775 -0.23348 -0.72322 1
0.46655 0.51945 0.89849 0.16564 0.024563 1
0.20615 -0.18588 -0.29044 0.36233 0.23838 1
-0.6857 -0.56775 -0.60202 -0.50245 -0.43175 1
-0.16994 -0.45958 -0.0905 -0.027057 -0.51214 1
0.70686 0.078641 0.27109 0.74546 0.47474 1
0.054604 -0.15066 0.30039 0.042765 -0.40402 1
-0.92054 -0.77649 -0.74556 -0.68276 -0.7533 1
0.74865 0.24971 0.45416 0.66691 0.34701 1
0.64132 0.14184 0.50441 0.60496 0.11254 1
-0.96827 -0.86263 -1.1056 -0.67319 -0.61333 1
-0.63062 -0.71093 -0.56541 -0.44709 -0.72843 1
-0.080136 -0.40319 -0.0698 -0.0055348 -0.52139 1
0.57431 0.24245 0.52987 0.40114 -0.076262 1
1.0006 0.87371 1.0102 0.67669 0.51282 1
0.84782 0.48396 0.70658 0.67262 0.40423 1
-0.5392 -0.41161 -0.2084 -0.40706 -0.43479 1
0.49643 0.057032 0.53448 0.44281 -0.088551 1
-0.37785 -0.49113 -0.3677 -0.24526 -0.67245 1
0.15462 0.21392 0.59344 -0.065619 -0.56713 1
1.1344 0.73425 1.031 0.84999 0.73429 1
0.42089 -0.14645 0.11342 0.48671 0.14657 1
-0.19995 -0.27404 0.11021 -0.064197 -0.38395 1
-0.37228 -0.37348 -0.75463 -0.17078 -0.036739 1
-0.1796 0.14291 -0.16564 -0.17797 0.31019 1
-0.80238 -0.80803 -0.67328 -0.53336 -0.79724 1
0.49152 0.23767 0.36463 0.34303 -0.059204 1
-0.64567 -0.49846 -0.96357 -0.40533 -0.098901 1
-0.79118 -0.25486 -0.53089 -0.73982 -0.34522 1
0.51251 0.0051525 0.30893 0.55709 0.12815 1
-0.35342 -0.29521 -0.75499 -0.15857 0.29074 1
0.43105 0.69322 0.52879 0.1894 0.59798 1
-0.40543 -0.19407 -0.27771 -0.26569 0.0020155 1
0.66386 0.77435 0.8648 0.37273 0.4232 1
-0.77514 -0.26065 -0.4806 -0.6846 -0.34917 1
-0.0020304 -0.31852 -0.32251 0.12608 -0.15193 1
0.53974 0.66267 0.87024 0.26142 0.23158 1
-0.079138 0.2018 -0.10064 -0.1151 0.41002 1
-0.39926 -0.46812 -0.22463 -0.31665 -0.53691 1
0.38143 0.61067 0.29713 0.13804 0.49175 1
-0.60846 -0.64651 -0.53703 -0.37529 -0.59886 1
-0.9322 -0.81642 -1.071 -0.62965 -0.59757 1
-0.033605 0.13879 -0.22318 -0.015328 0.52747 1
-0.11199 -0.29237 -0.63685 0.081808 0.24726 1
0.70847 0.11329 0.56309 0.66049 0.16756 1
0.71648 0.52386 1.0695 0.45684 0.092346 1
0.022019 -0.075263 -0.3526 0.20423 0.51485 1
0.44055 0.24279 0.68595 0.27642 -0.26436 1
-0.50121 -0.49864 -0.97471 -0.22791 -0.00139 1
-0.99907 -0.80328 -0.99044 -0.69487 -0.61502 1
-0.12337 -0.37382 0.015866 -0.096788 -0.63095 1
-0.26489 0.18974 0.16271 -0.35571 -0.10535 1
-0.36296 -0.59191 -0.76514 -0.15443 -0.24421 1
-0.78636 -0.50083 -1.0117 -0.56352 -0.16059 1
-0.19461 0.0082555 0.18726 -0.36436 -0.46468 1
0.49247 0.050942 0.0072543 0.56034 0.47771 1
0.22338 0.34638 0.59443 0.076293 0.081633 1
0.78382 0.56575 0.65096 0.5708 0.44963 1
-0.44572 -0.086646 -0.13348 -0.45541 -0.16419 1
0.22126 0.3212 0.63094 0.017185 -0.036114 1
-0.94874 -0.85636 -1.1267 -0.618 -0.43141 1
0.93058 0.61203 0.73559 0.68206 0.5621 1
-0.63494 -0.65465 -0.87675 -0.39891 -0.33493 1
-1.0767 -0.99678 -1.2035 -0.7065 -0.74329 1
0.33577 0.36722 0.67695 0.16996 0.014142 1
-0.97889 -0.7457 -0.86948 -0.69986 -0.63506 1
-0.58734 -0.22108 -0.20131 -0.57119 -0.41609 1
-0.92552 -0.78696 -0.90579 -0.67684 -0.79019 1
0.36165 0.44456 0.13265 0.25349 0.68555 1
-0.24131 -0.40039 -0.24597 -0.14206 -0.6157 1
0.4636 0.63865 0.85716 0.15935 0.22595 1
-0.7764 -0.77085 -1.0555 -0.48775 -0.39552 1
0.80948 0.57684 0.78497 0.62697 0.53796 1
-0.0052937 0.43988 -0.0096302 -0.16285 0.3804 1
0.44219 -0.041391 0.20332 0.45148 -0.0049049 1
-0.12739 0.14786 -0.23075 -0.14009 0.26767 1
-0.19042 -0.058487 -0.52928 -0.1048 0.16516 1
-0.82126 -0.56637 -0.58035 -0.64247 -0.74143 1
0.0091748 -0.46073 -0.47284 0.16013 -0.064547 1
0.63032 0.24721 0.22718 0.57596 0.51355 1
0.72337 0.93336 0.95232 0.3944 0.60214 1
-1.1285 -0.61079 -0.93426 -0.94974 -0.69795 1
0.13615 -0.21018 0.009196 0.18635 -0.26881 1
-0.82867 -0.43706 -0.855 -0.677 -0.30229 1
-0.7512 -0.66197 -1.0751 -0.464 -0.31155 1
0.65097 0.28173 0.66952 0.45379 -0.091763 1
-1.1944 -0.89528 -1.1249 -0.87972 -0.89586 1
-0.55551 -0.50173 -0.94597 -0.24036 0.11648 1
-0.20896 -0.43396 -0.56566 -0.016336 -0.17213 1
0.88345 0.35527 0.82434 0.7092 0.18063 1
-0.68722 -0.5901 -0.98605 -0.37459 -0.22709 1
-0.79055 -0.77829 -1.1203 -0.46254 -0.31924 1
-0.53951 -0.60191 -0.58507 -0.33892 -0.54278 1
0.59001 0.60434 0.43091 0.38613 0.78463 1
0.38936 0.63536 0.54546 0.16064 0.56117 1
-0.3022 0.07513 -0.38503 -0.3455 0.12781 1
-0.73524 -0.31844 -0.82293 -0.56111 -0.15466 1
-0.03942 0.28313 -0.23819 -0.10272 0.31854 1
0.18531 0.13543 0.55858 0.11936 -0.19362 1
0.72958 0.40791 0.73086 0.5884 0.29923 1
-0.056663 0.11284 -0.3956 -0.0085457 0.43832 1
0.27358 0.088841 0.60501 0.11757 -0.42987 1
-0.16922 -0.57913 -0.31604 0.077889 -0.3032 1
-0.57091 -0.69762 -0.9188 -0.22598 -0.29267 1
0.31807 0.23894 0.63183 0.17255 0.020628 1
0.88951 0.83064 0.83545 0.64961 0.69654 1
-0.78958 -0.33507 -0.42799 -0.80061 -0.71672 1
0.46653 0.25357 0.089827 0.41854 0.42226 1
0.32675 0.65086 0.66558 0.024579 0.32045 1
-0.038096 -0.38744 -0.29102 0.10719 -0.27358 1
0.51434 0.10128 0.19769 0.47108 0.10707 1
-0.51442 -0.29233 -0.29592 -0.41567 -0.26361 1
0.87958 0.61431 0.84881 0.69653 0.43836 1
0.46996 -0.040626 -0.063743 0.61369 0.61969 1
0.57175 -0.041771 0.25557 0.63215 0.2759 1
0.81469 0.55799 0.75303 0.61318 0.50774 1
0.83968 0.76877 0.96412 0.54427 0.47021 1
0.022644 0.2966 -0.016215 -0.021574 0.45207 1
0.8399 0.67325 0.86359 0.62375 0.4029 1
-0.77049 -0.57019 -0.65491 -0.58224 -0.57116 1
0.16551 0.30288 0.56951 -0.03796 -0.13169 1
-1.0082 -0.62622 -0.91111 -0.78211 -0.58334 1
-0.18074 0.24494 0.0044142 -0.2246 0.27393 1
-0.063221 -0.057538 -0.51606 0.025177 0.23925 1
0.7772 0.71119 0.83651 0.56407 0.73871 1
0.62823 0.63173 1.031 0.31151 0.031615 1
0.28326 -0.25247 -0.042362 0.38381 -0.1298 1
0.42817 0.38528 0.77912 0.18264 -0.12938 1
0.27453 0.14743 -0.11165 0.28963 0.32079 1
-0.22359 -0.41612 -0.13216 -0.13429 -0.59106 1
-0.5734 -0.72232 -1.0294 -0.25741 -0.1355 1
-1.056 -0.77909 -0.89602 -0.82954 -0.93957 1
0.5401 0.5771 0.98942 0.26858 -0.010341 1
-0.3337 -0.49306 -0.28985 -0.19532 -0.58856 1
0.4747 0.35017 0.84505 0.24628 -0.1269 1
-0.36899 -0.16867 -0.60126 -0.20632 0.23198 1
0.63494 0.48618 0.93917 0.38648 0.20225 1
0.40388 0.65795 0.72367 0.19714 0.37718 1
0.17867 0.081221 0.6186 0.096717 -0.28769 1
0.52675 0.33163 0.1696 0.54536 0.84764 1
-0.90188 -0.6995 -0.87629 -0.62165 -0.52024 1
0.71735 0.86662 0.84983 0.44825 0.7756 1
0.22997 -0.16186 0.059337 0.23441 -0.24177 1
0.73212 0.74997 0.67709 0.58253 0.92072 1
0.52056 0.60407 0.381 0.35504 0.81121 1
0.15908 0.44462 0.46642 0.030856 0.31364 1
-0.51895 -0.57026 -0.40663 -0.34957 -0.55799 1
-0.32346 0.13384 -0.086402 -0.34658 0.086661 1
1.2308 0.75258 0.97851 0.94412 0.84867 1
0.40917 0.24188 0.17968 0.32642 0.058696 1
0.56018 0.38056 0.22784 0.5404 0.67257 1
0.75413 0.77202 0.94437 0.52229 0.71652 1
1.0335 0.61115 0.88414 0.79769 0.56217 1
0.53801 0.39857 0.22998 0.49055 0.75892 1
-0.53411 -0.065006 -0.44306 -0.48444 0.08035 1
-0.75828 -0.23194 -0.49438 -0.72657 -0.38512 1
-0.85938 -0.71331 -1.0539 -0.52942 -0.38282 1
0.40477 0.31723 0.80682 0.15341 -0.18187 1
0.74346 0.61171 0.71095 0.57495 0.51142 1
-0.20978 -0.35603 -0.58767 0.0059377 -0.014473 1
0.67123 0.65829 0.95029 0.37237 0.27128 1
-0.98143 -0.7378 -0.84356 -0.75555 -0.82476 1
-0.42249 0.011322 -0.0050757 -0.49734 -0.27458 1
-0.62356 -0.64735 -1.0404 -0.32025 -0.086828 1
-0.45602 -0.5969 -0.44674 -0.243 -0.65632 1
-0.49166 -0.62188 -0.95609 -0.22132 -0.20854 1
0.81375 0.72663 1.0171 0.51994 0.41001 1
0.48254 0.44557 0.79372 0.18247 0.14142 1
-0.12816 -0.57664 -0.27103 0.096869 -0.39033 1
0.14803 -0.19874 0.19084 0.18611 -0.31108 1
-0.7547 -0.28517 -0.42278 -0.70278 -0.50616 1
-0.3585 -0.44171 -0.27949 -0.18855 -0.58788 1
0.82937 0.70955 1.0231 0.48975 0.24563 1
-0.41345 -0.025247 -0.16123 -0.44696 -0.13411 1
-0.51958 0.020014 -0.18079 -0.58463 -0.17401 1
-0.98806 -0.79792 -0.79689 -0.71698 -0.97925 1
0.51933 0.6428 0.88291 0.22139 0.19914 1
-0.40203 -0.67354 -0.68517 -0.14321 -0.31955 1
-0.25314 -0.4636 -0.06005 -0.094282 -0.74031 1
0.50651 0.21342 0.69617 0.36211 0.0038427 1
-0.46471 -0.2212 -0.36415 -0.32797 0.11232 1
-0.28298 -0.48058 -0.10376 -0.12847 -0.63382 1
1.1148 0.51884 0.8554 0.94562 0.58363 1
1.1262 0.77399 1.3074 0.77105 0.54781 1
-1.1613 -0.74833 -0.87597 -0.99589 -0.9658 1
0.31207 0.33297 0.038354 0.32029 0.78836 1
-0.19063 -0.21037 -0.56049 -0.032519 0.16879 1
-0.24565 -0.19363 0.10756 -0.26813 -0.60248 1
-0.97473 -0.71935 -0.78837 -0.67188 -0.55127 1
-0.10097 -0.3744 -0.62072 0.15434 0.10662 1
-0.13867 0.063673 -0.39022 -0.074422 0.49655 1
0.62635 0.42565 0.98413 0.40493 -0.052838 1
-0.79571 -0.70519 -0.85179 -0.5414 -0.37184 1
0.57589 0.42444 0.73075 0.35254 0.20502 1
0.22019 0.32903 0.65492 0.042381 -0.13386 1
0.22162 -0.23294 0.098447 0.31503 -0.094641 1
-0.35928 -0.32729 -0.74359 -0.1487 0.12315 1
0.93644 0.70792 0.69973 0.75255 0.80054 1
-0.31424 0.24927 -0.35383 -0.34703 0.3307 1
0.68392 0.69608 0.63952 0.44566 0.65947 1
0.070434 0.44568 0.52425 -0.16446 -0.011852 1
0.74124 0.48261 0.83479 0.5414 0.24049 1
-0.75961 -0.26538 -0.50156 -0.65839 -0.34147 1
0.44342 0.515 0.85836 0.13472 -0.096903 1
0.40204 0.52556 0.25153 0.25462 0.72077 1
0.53125 0.63152 0.52936 0.36329 0.68893 1
1.057 0.87221 1.0476 0.78043 0.86902 1
-0.76278 -0.66367 -0.89934 -0.48827 -0.27905 1
-1.0639 -0.64198 -0.85461 -0.89717 -0.72107 1
0.13779 0.34206 0.61678 -0.04792 -0.076674 1
0.30869 0.39654 0.76161 0.14897 0.091666 1
-0.33527 -0.24328 -0.72998 -0.16021 0.25863 1
0.40802 0.04059 0.0034787 0.47691 0.33048 1
-0.49731 -0.13195 -0.0032151 -0.58362 -0.74497 1
-0.87281 -0.77294 -1.1328 -0.53078 -0.42026 1
0.12106 -0.18886 -0.29039 0.25203 0.099326 1
-0.053591 0.35069 0.12915 -0.21731 0.18386 1
0.11773 0.36353 -0.022299 0.049398 0.44363 1
0.66782 0.83725 0.92853 0.34027 0.49552 1
0.39713 0.28582 0.76002 0.22691 -0.043666 1
-0.41257 -0.27772 -0.028934 -0.36723 -0.60861 1
0.18169 -0.20124 0.0027312 0.21931 -0.27128 1
0.23841 -0.32789 -0.10273 0.45328 0.031316 1
-0.76045 -0.60955 -0.58672 -0.54946 -0.63889 1
-0.51794 -0.24866 -0.60241 -0.33723 0.15868 1
0.53395 0.4628 0.8874 0.25019 -0.15962 1
-0.30774 -0.2844 -0.75448 -0.15393 0.20248 1
0.81483 0.79951 0.95196 0.51945 0.47892 1
0.27578 0.59729 0.6274 -0.01076 0.29437 1
-1.1071 -0.91276 -1.2628 -0.79731 -0.57664 1
0.60279 -0.039773 0.399 0.59917 0.069519 1
0.13158 0.3295 0.24837 0.0067014 0.30552 1
0.043998 -0.2458 -0.44581 0.20792 0.32419 1
-0.034842 0.4146 0.28283 -0.18907 0.2534 1
-0.24924 -0.15831 -0.57401 -0.087976 0.21938 1
0.46995 0.44661 0.88709 0.2147 -0.030016 1
-0.32937 0.16854 -0.033514 -0.39979 -0.0024512 1
-0.76157 -0.65491 -0.79437 -0.53386 -0.43588 1
-0.19635 -0.13298 0.22543 -0.2521 -0.68035 1
0.021986 -0.27451 0.077307 0.092843 -0.3079 1
0.9746 0.686 0.8882 0.7249 0.62749 1
0.62345 0.63829 1.0305 0.3489 0.11689 1
0.32541 -0.12215 0.19894 0.39468 -0.048282 1
-0.20426 -0.178 -0.55056 0.022506 0.39324 1
-0.44819 -0.59885 -0.83053 -0.24136 -0.33659 1
-0.69337 -0.49641 -1.0807 -0.4719 -0.14705 1
0.81505 0.71394 1.1764 0.52628 0.17918 1
-0.56925 -0.0106 -0.42181 -0.54084 0.010282 1
-0.72832 -0.69013 -1.0465 -0.41014 -0.35846 1
0.62106 0.50476 0.3443 0.5338 0.76809 1
0.15536 0.11607 0.58032 0.019176 -0.49022 1
-0.48943 -0.45364 -0.85656 -0.24307 -0.17995 1
-0.37194 -0.042519 0.068306 -0.4002 -0.3274 1
-0.9302 -0.70479 -0.88282 -0.72251 -0.62721 1
0.30208 0.59327 0.66374 0.070514 0.37137 1
0.83177 0.35082 0.63794 0.66074 0.26335 1
-0.33712 -0.51446 -0.55072 -0.14714 -0.54557 1
-0.77772 -0.26624 -0.44263 -0.66885 -0.43207 1
0.74904 0.66805 0.96557 0.43904 0.33517 1
-0.11113 -0.28177 0.080534 -0.060826 -0.55025 1
0.41017 0.70882 0.55626 0.14865 0.52829 1
-0.12425 0.1794 -0.10466 -0.13051 0.42224 1
-0.41691 -0.025849 -0.45302 -0.30688 0.16018 1
-0.26436 -0.42834 -0.16333 -0.16738 -0.60179 1
-0.19488 -0.41061 -0.027626 -0.089355 -0.67348 1
-0.58931 -0.27885 -0.54028 -0.49971 -0.052074 1
0.97895 0.68961 0.83718 0.73632 0.65868 1
0.42427 0.44926 0.82342 0.1295 -0.022386 1
-0.97351 -0.54187 -0.77416 -0.80365 -0.60259 1
0.67531 0.58852 1.0232 0.39597 0.1666 1
-0.34203 0.076887 -0.41172 -0.29374 0.34174 1
-0.30984 -0.045482 0.19595 -0.40428 -0.56326 1
-0.7609 -0.61716 -1.0644 -0.49729 -0.26192 1
-0.92075 -0.7405 -0.90024 -0.68346 -0.6372 1
0.52273 0.049261 0.24907 0.48826 0.14413 1
0.64989 0.83235 0.7611 0.40731 0.6654 1
0.45212 0.048871 0.057222 0.50678 0.26808 1
-0.26236 0.097942 0.16337 -0.34489 -0.19463 1
-0.64509 -0.16454 -0.34876 -0.63552 -0.38205 1
0.33467 0.62295 0.47145 0.16154 0.54028 1
0.79277 0.31167 0.55379 0.6259 0.27185 1
-0.1595 -0.5809 -0.26239 -0.040131 -0.53288 1
-0.42543 -0.078336 0.0084637 -0.45715 -0.37402 1
0.88411 0.57247 1.0051 0.65614 0.30161 1
0.064863 -0.14824 0.12254 0.083992 -0.37462 1
0.27166 0.057399 0.60002 0.19451 -0.34219 1
0.6457 0.41264 1.0416 0.41617 -0.16206 1
-0.61272 -0.40991 -0.8794 -0.43607 -0.22176 1
0.021141 0.38996 0.12734 -0.097151 0.38176 1
-0.8285 -0.45613 -0.67792 -0.66558 -0.34087 1
0.77782 0.41036 1.0472 0.59092 0.098438 1
-0.058171 -0.32526 0.06311 0.010989 -0.55488 1
0.29745 0.050729 0.19708 0.27034 -0.26091 1
-0.10986 0.021938 0.32744 -0.17049 -0.40445 1
-0.71476 -0.50931 -0.77748 -0.50745 -0.22991 1
-0.87949 -0.79 -0.88765 -0.59681 -0.72563 1
0.9392 0.5658 0.7078 0.81817 0.59423 1
0.97354 0.73851 1.0816 0.74581 0.64217 1
-0.17572 -0.44957 -0.18514 -0.070879 -0.53767 1
0.78466 0.70576 1.1469 0.46687 0.2358 1
-0.34846 0.027661 -0.0062362 -0.33649 -0.079309 1
-0.23956 -0.54424 -0.11713 -0.11534 -0.67028 1
-0.69976 -0.67078 -0.56467 -0.49295 -0.70511 1
0.61599 0.41496 0.37103 0.5772 0.62004 1
0.2905 0.074795 0.548 0.15918 -0.33042 1
-0.76717 -0.37172 -0.60256 -0.63426 -0.21269 1
-0.3925 0.069857 -0.14782 -0.48328 -0.14165 1
-0.58095 -0.75132 -0.72857 -0.23152 -0.40953 1
-0.73028 -0.29792 -0.4151 -0.66882 -0.48189 1
0.48558 0.41506 0.88615 0.19765 -0.10767 1
0.43255 -0.031928 0.19928 0.43806 -0.010144 1
-0.78125 -0.73038 -0.80446 -0.51774 -0.57861 1
0.6043 0.2694 0.1669 0.50595 0.46578 1
0.49813 0.54165 0.30416 0.35208 0.78545 1
0.24149 -0.25243 -0.053325 0.39037 0.040105 1
1.0346 0.93395 1.1569 0.61698 0.56627 1
-0.43637 -0.548 -0.92493 -0.15121 0.069182 1
-0.19436 -0.28168 0.069413 -0.1951 -0.68939 1
-0.69701 -0.5073 -1.0682 -0.47591 -0.16933 1
0.4916 0.72691 0.80945 0.20075 0.364 1
0.7812 0.79366 0.91593 0.44084 0.47703 1
0.61658 0.41203 0.93729 0.37333 0.044237 1
0.085003 -0.14899 -0.35547 0.25691 0.30939 1
-0.5909 -0.62039 -0.49161 -0.47089 -0.81045 1
0.26499 0.25261 -0.11418 0.33759 0.77124 1
0.24496 0.42712 0.35156 0.079145 0.37357 1
-0.78 -0.51789 -0.67544 -0.60722 -0.38857 1
0.62429 0.17086 0.2185 0.62602 0.40511 1
-0.29509 -0.51191 -0.77303 -0.040381 -0.022713 1
-0.10261 0.11506 -0.33355 -0.16594 0.35959 1
0.70525 0.66646 0.68098 0.49085 0.69196 1
-0.3262 0.079316 0.033948 -0.32439 -0.042593 1
-0.64299 -0.69364 -0.96603 -0.31384 -0.22686 1
0.41413 0.18749 0.80613 0.28066 -0.25716 1
-0.084519 -0.45151 -0.40722 0.038926 -0.1536 1
-0.26971 0.079384 0.011252 -0.33841 -0.044725 1
0.0077219 0.39638 0.13148 -0.12493 0.38069 1
0.9535 0.75854 1.0258 0.66822 0.48819 1
0.28182 -0.11469 0.40665 0.31599 -0.33865 1
0.67107 0.56871 0.4845 0.48996 0.62043 1
0.044476 0.37417 0.05703 0.036971 0.63106 1
0.48495 0.42909 0.80935 0.2825 0.043297 1
0.59058 -0.0378 0.42949 0.6042 0.086377 1
0.022318 0.22067 0.39825 -0.14828 -0.028462 1
-0.60646 -0.025299 -0.57137 -0.52646 -0.008723 1
-0.026145 0.28505 -0.10919 -0.043386 0.44805 1
-0.16844 0.31751 -0.059877 -0.23765 0.4398 1
0.22234 0.4975 0.52994 0.051689 0.25422 1
-0.31197 -0.36423 -0.70229 -0.043462 0.18356 1
-0.73422 -0.4438 -0.61897 -0.55906 -0.34605 1
0.24336 -0.26902 -0.055895 0.39053 -0.026662 1
0.44073 0.63559 0.76679 0.19206 0.30805 1
0.47572 0.38449 0.16628 0.4149 0.59121 1
-0.75487 -0.12928 -0.65441 -0.63641 -0.017016 1
0.52287 0.59251 0.35777 0.39185 0.72298 1
0.085719 0.20266 0.47781 -0.023036 -0.30854 1
0.47741 0.44054 0.85392 0.25767 0.13273 1
0.23214 0.3304 0.61624 0.0021907 -0.1396 1
0.72761 0.66926 0.68974 0.53766 0.62685 1
-0.098258 -0.083574 0.30708 -0.17501 -0.43953 1
-0.20311 -0.012059 0.26995 -0.31342 -0.45326 1
-0.79743 -0.76218 -0.74809 -0.50736 -0.65103 1
-0.52603 0.021806 -0.47898 -0.46161 -0.55956 2
1.1244 0.32007 0.4233 0.98866 1.3218 2
1.3342 0.6339 0.47168 1.1037 1.3941 2
0.89666 0.31177 0.30019 0.66089 0.93919 2
0.95461 0.25006 0.32088 0.94836 1.2212 2
1.1731 0.48749 0.31235 1.2075 1.7279 2
0.25755 0.35535 -0.025433 0.4079 0.68638 2
0.80757 0.50164 0.50033 1.0159 1.2409 2
0.89326 0.41977 -0.010464 0.74553 1.1103 2
0.85665 0.53701 0.10238 1.0181 1.361 2
1.0378 0.71108 0.49604 1.0546 1.257 2
0.64118 0.4513 0.34345 0.78633 0.97576 2
0.39493 0.052589 0.162 0.30368 0.3128 2
1.2537 0.60381 0.41171 1.0775 1.4855 2
1.095 0.54086 0.55126 1.3164 1.6864 2
0.5463 0.25502 0.0055413 0.23228 0.42712 2
-0.18842 0.051526 -0.13136 -0.018368 -0.075058 2
0.61529 0.51162 0.35282 0.8259 1.0217 2
-0.51134 -0.02932 -0.48486 -0.59806 -0.66664 2
1.4756 0.41898 0.59242 1.5342 1.8655 2
-0.41325 0.09408 -0.20924 -0.49794 -0.52512 2
0.80002 0.61215 0.2801 0.93075 1.2456 2
-0.185 -0.031972 -0.25108 -0.32062 -0.38898 2
0.4584 0.22237 -0.040883 0.16564 0.2806 2
0.95018 0.30195 0.36182 0.79172 0.99143 2
1.122 0.59441 0.5928 1.3279 1.6984 2
-0.39928 0.01311 -0.38901 -0.42039 -0.55392 2
-0.46083 0.018545 -0.47894 -0.32007 -0.30207 2
-0.39844 0.098102 -0.31373 -0.32863 -0.25333 2
-0.48082 0.076057 -0.33732 -0.45923 -0.45519 2
-0.32755 -0.024931 -0.44143 -0.50395 -0.48064 2
0.23777 -0.012007 0.08017 0.46478 0.57295 2
0.14352 0.25267 0.026364 0.3379 0.49898 2
0.18213 -0.03124 0.0049341 0.23771 0.31925 2
-0.0051186 0.015372 -0.013137 -0.18465 -0.2029 2
-0.20806 0.30551 -0.42551 -0.31027 -0.16336 2
0.10671 0.0036893 0.022897 0.17799 0.22904 2
-0.23089 -0.068225 -0.16136 -0.25196 -0.30653 2
0.27129 0.021298 0.18888 0.21533 0.19121 2
0.054957 0.40828 -0.16696 0.0030743 0.065253 2
0.6261 0.53132 0.038362 0.57783 0.74205 2
1.3682 0.45827 0.69538 1.3969 1.6547 2
0.44994 0.21755 0.3386 0.67591 0.73736 2
0.21092 0.045296 0.022235 0.14716 0.19305 2
0.58954 0.38188 -0.17787 0.41351 0.72043 2
0.31915 0.24888 -0.084135 0.048837 0.15997 2
1.3791 0.64907 0.59278 1.2985 1.7893 2
0.094965 0.33792 -0.16073 0.17617 0.28887 2
1.6919 0.70321 0.75667 1.6556 2.1255 2
0.66816 0.54667 -0.0084477 0.46535 0.72041 2
1.1344 0.57474 0.57305 1.302 1.5585 2
-0.53252 0.025782 -0.42659 -0.55833 -0.64926 2
0.39837 0.36742 0.19038 0.5675 0.59446 2
-0.34543 0.089659 -0.20684 -0.44574 -0.53899 2
0.24908 0.38269 -0.20347 0.14741 0.32854 2
0.7388 0.62622 0.18573 0.42187 0.68481 2
1.6285 0.785 0.78712 1.6727 2.0098 2
1.0216 0.28291 0.49866 0.93037 1.141 2
0.11025 0.14749 0.13349 0.17378 0.22326 2
0.30924 0.63278 -0.035145 0.17773 0.39419 2
0.023854 -0.056192 -0.29057 -0.22739 -0.10074 2
1.4968 0.515 0.7099 1.4563 1.7514 2
1.0238 0.5921 0.35474 1.1459 1.5776 2
0.50768 0.11885 0.083907 0.3656 0.44464 2
0.33449 0.47015 -0.12868 0.16262 0.40338 2
-0.34766 -0.05642 -0.13197 -0.26505 -0.48835 2
0.10323 0.12331 -0.34256 -0.13313 0.047433 2
0.7461 0.6778 0.27941 0.82186 1.0511 2
0.18529 0.083953 0.054294 0.53613 0.68619 2
0.61134 0.61526 0.047566 0.42387 0.72262 2
-0.35058 -0.20205 -0.43761 -0.48301 -0.47981 2
-0.22981 0.11214 -0.35641 -0.44019 -0.48843 2
0.6201 0.1852 0.27919 0.551 0.79 2
0.81934 0.58519 0.19991 0.57722 0.86879 2
0.81132 0.14011 0.54101 0.95247 0.99425 2
1.5537 0.65259 0.81017 1.6368 2.0116 2
1.0974 0.62511 0.24992 0.94159 1.3696 2
-0.059427 0.035687 -0.038284 -0.036389 -0.014068 2
-0.10516 0.0336 -0.21232 -0.352 -0.29628 2
0.97288 0.28843 0.64298 0.95999 1.0407 2
1.1228 0.2612 0.43864 1.2626 1.5308 2
0.063436 0.35475 -0.24804 -0.0060348 0.10738 2
0.29707 0.52996 0.0056943 0.17417 0.21746 2
0.21326 0.44848 -0.19503 0.30919 0.52916 2
1.1564 0.5411 0.64701 1.3139 1.6404 2
1.0172 0.70776 0.43946 1.0637 1.342 2
1.4476 0.48243 0.68151 1.4937 1.8017 2
0.0036639 0.33888 -0.32328 -0.10014 0.005806 2
0.38822 0.20763 -0.061997 0.15294 0.3976 2
0.6987 0.31933 0.28119 0.47099 0.70553 2
1.3797 0.51046 0.54724 1.4475 1.8565 2
0.41951 0.13464 0.21208 0.67334 0.74895 2
1.4922 0.58961 0.75535 1.5856 1.9733 2
0.43136 0.21849 0.15032 0.20107 0.34424 2
0.773 0.14395 0.53496 0.78592 0.90321 2
0.41425 0.14923 0.20064 0.57424 0.71848 2
0.4298 0.10417 0.043923 0.17769 0.21881 2
0.62189 0.25904 0.42399 0.81596 0.84122 2
0.80194 0.10287 0.30732 0.84691 1.0657 2
-0.55329 -0.077914 -0.47909 -0.74952 -0.76874 2
-0.39905 0.05948 -0.26246 -0.53588 -0.69135 2
-0.58243 -0.083388 -0.52983 -0.66561 -0.69719 2
0.066049 0.20331 0.058136 0.29625 0.37202 2
-0.29441 0.095327 -0.21185 -0.18353 -0.18149 2
0.95007 0.49357 0.42745 1.1425 1.4004 2
0.48878 0.036804 0.13492 0.41072 0.50662 2
0.86633 0.54589 0.29633 1.0079 1.2662 2
-0.59198 0.0040197 -0.45492 -0.59233 -0.50732 2
0.74506 0.24367 0.5132 0.99555 1.1145 2
0.44941 0.053886 0.20433 0.57612 0.72216 2
1.0051 0.62925 0.29447 1.0356 1.4456 2
0.30228 0.38492 -0.135 -0.044242 0.21907 2
-0.23778 -0.00090942 -0.26013 -0.10673 -0.12247 2
0.077306 0.27891 0.10211 0.14366 0.18311 2
1.0431 0.13344 0.47029 1.0507 1.165 2
-0.60527 -0.031954 -0.43595 -0.66654 -0.83224 2
0.2609 0.13908 0.14743 0.40254 0.53751 2
0.72862 0.17683 0.4488 1.0004 1.153 2
0.08829 0.12553 0.085636 0.31172 0.36606 2
0.9707 0.26397 0.53993 1.0656 1.2372 2
1.4007 0.47277 0.6159 1.4941 1.8033 2
0.9511 0.63436 0.38718 1.1741 1.6007 2
0.32996 0.13422 0.29628 0.44821 0.43811 2
-0.52125 -0.093549 -0.36364 -0.56761 -0.68532 2
0.53229 0.34103 -0.11009 0.14134 0.34846 2
-0.1873 0.1216 -0.051002 -0.22976 -0.17989 2
-0.058105 0.25477 -0.51296 -0.26845 -0.17794 2
0.6428 0.21994 0.37338 0.85202 0.83351 2
0.86056 0.44503 0.31565 1.1252 1.3242 2
1.2723 0.51748 0.40447 1.1131 1.5688 2
1.131 0.48285 0.37142 1.0504 1.4694 2
-0.43476 0.0058296 -0.36922 -0.5244 -0.51706 2
0.28063 0.077807 0.16991 0.27676 0.31529 2
1.177 0.36614 0.56733 1.0824 1.3063 2
0.25109 0.24674 -0.2324 -0.011938 0.11642 2
0.11751 0.30493 -0.43546 -0.036236 0.17501 2
-0.17937 0.12686 -0.33571 -0.43937 -0.43913 2
0.42479 0.23153 0.16492 0.19992 0.23003 2
-0.32333 0.12108 -0.33854 -0.35216 -0.36502 2
0.01202 0.22211 -0.28162 -0.27356 -0.12579 2
-0.26325 0.29435 -0.33325 -0.25898 -0.29552 2
0.43393 0.56315 0.0054172 0.17781 0.33099 2
0.1416 0.11062 -0.24809 -0.11949 -0.11038 2
-0.03633 0.30382 -0.5023 -0.08495 0.15494 2
0.74695 0.17701 0.46921 0.8061 0.8642 2
-0.20605 0.033098 -0.30196 -0.40198 -0.38038 2
0.7967 0.18103 0.35522 0.81663 1.0178 2
0.80019 0.5465 0.52866 0.98733 0.99339 2
0.57113 0.56478 0.006231 0.48697 0.72065 2
1.1115 0.57176 0.29584 0.91828 1.2712 2
0.14635 0.33102 -0.07237 0.2981 0.388 2
1.3427 0.42869 0.49412 1.2537 1.6048 2
1.3209 0.54643 0.47375 1.1797 1.5371 2
0.5835 0.53309 0.057728 0.25773 0.58863 2
-0.27234 0.13361 -0.10212 -0.26005 -0.28181 2
0.35115 0.12979 -0.052026 0.1095 0.21997 2
0.1652 0.13121 -0.063762 -0.16328 -0.16169 2
0.69069 0.22088 0.19222 0.4696 0.64308 2
-0.25789 0.22909 -0.19852 -0.25833 -0.36539 2
1.2004 0.32263 0.30247 1.1893 1.5321 2
0.42844 0.38891 -0.18027 0.24562 0.52181 2
1.008 0.29931 0.50547 0.92278 1.158 2
0.31473 0.55624 -0.12094 0.060258 0.23119 2
0.37323 0.40141 0.034719 0.60687 0.92762 2
1.0907 0.64345 0.30853 1.0876 1.6096 2
0.55995 0.11772 0.34639 0.57627 0.72052 2
0.54154 0.13446 0.28861 0.50962 0.65552 2
0.36089 0.4235 -0.22402 0.26736 0.5365 2
0.64783 0.42938 0.30253 0.86006 1.0805 2
0.63335 0.40891 -0.090691 0.43519 0.63924 2
1.3937 0.61676 0.63751 1.5147 1.935 2
1.5424 0.69762 0.7069 1.5964 2.0263 2
-0.14591 -0.12375 -0.086318 -0.077648 -0.13736 2
0.61576 0.32333 0.32602 0.8475 0.96825 2
0.79032 0.24174 0.44761 0.94884 1.1173 2
0.34001 0.57323 0.022726 0.32709 0.52079 2
0.11064 0.027649 0.12568 0.069292 -0.063415 2
0.55931 0.58375 0.10611 0.58492 0.76261 2
0.45592 0.23205 -0.11179 0.21995 0.35656 2
0.97574 0.16467 0.41038 0.83582 0.91017 2
0.2014 0.083255 0.11196 0.44769 0.53464 2
0.68978 0.56328 0.18749 0.79484 1.0908 2
0.39116 0.56223 -0.10407 0.23464 0.4767 2
-0.078729 0.17612 0.080363 -0.073396 -0.11548 2
-0.029579 0.1429 -0.078666 0.058273 0.11518 2
0.17408 0.52117 -0.18284 0.18334 0.47375 2
0.56066 0.18786 0.35651 0.77808 0.91625 2
-0.57917 -0.10799 -0.46289 -0.55601 -0.63835 2
1.3124 0.57477 0.48929 1.3968 1.8517 2
-0.15487 -0.14708 -0.33975 -0.34606 -0.4077 2
0.9116 0.41068 0.034073 0.82173 1.2217 2
0.32227 0.29404 0.30554 0.54716 0.63887 2
-0.059724 0.34781 -0.33559 -0.15751 -0.013207 2
1.475 0.59042 0.62098 1.3461 1.7826 2
0.06774 0.53995 0.0075638 0.051464 0.12788 2
0.62131 0.1406 0.27182 0.73465 1.0256 2
1.3131 0.5634 0.51688 1.429 1.8555 2
1.1447 0.54248 0.47119 1.2872 1.6482 2
-0.049702 0.34891 -0.22312 -0.038381 0.068838 2
-0.093604 0.089061 -0.41249 -0.32455 -0.17368 2
-0.67631 0.0858 -0.6078 -0.85662 -0.85205 2
-0.72131 0.083311 -0.7381 -0.79872 -0.68315 2
-0.55157 0.12872 -0.36749 -0.60175 -0.5659 2
-0.22707 0.25037 -0.3333 -0.4295 -0.44453 2
0.11064 -0.030893 -0.022058 0.047012 0.20372 2
-0.37139 -0.018994 -0.23601 -0.30433 -0.33717 2
-0.22549 0.083981 -0.12686 -0.36324 -0.48814 2
1.058 0.67856 0.28052 1.0572 1.4918 2
0.76093 0.23279 0.56054 0.91252 0.95709 2
0.52349 0.40473 -0.19945 0.28169 0.58292 2
1.6338 0.59549 0.79555 1.6121 1.7968 2
0.64705 0.15561 0.095464 0.47481 0.74138 2
0.68383 0.14564 0.299 0.71592 1.0074 2
1.0165 0.54673 0.60967 1.2416 1.4124 2
-0.36496 0.032119 -0.23559 -0.30711 -0.36373 2
0.41738 0.096381 0.095614 0.2496 0.36031 2
1.5075 0.47546 0.70403 1.4865 1.8879 2
-0.44212 -0.039848 -0.36317 -0.46438 -0.54097 2
1.3166 0.59042 0.35686 1.2689 1.638 2
1.476 0.60065 0.7655 1.4765 1.861 2
0.43566 0.32523 0.20978 0.68628 0.87088 2
-0.077529 0.069768 -0.2675 -0.36816 -0.34437 2
-0.10947 0.30047 -0.33834 -0.2584 -0.18626 2
1.222 0.28936 0.57389 1.3094 1.6031 2
1.2014 0.43378 0.67334 1.3164 1.4678 2
-0.41059 -0.053843 -0.36977 -0.4857 -0.4595 2
0.58704 0.29372 0.32931 0.80277 1.1188 2
-0.44399 -0.018305 -0.52236 -0.64363 -0.53514 2
-0.26856 0.21614 -0.49979 -0.27023 -0.12316 2
-0.54858 0.20892 -0.43488 -0.62721 -0.60916 2
1.1285 0.19795 0.6207 1.1732 1.3018 2
0.21652 0.18463 0.22088 0.052704 0.030989 2
1.2467 0.5387 0.33946 1.3318 1.6396 2
0.11392 0.24022 -0.33655 -0.19925 0.064307 2
0.53718 0.5357 3.99E-05 0.57525 0.83013 2
0.82108 0.3657 0.53258 1.0581 1.1526 2
1.1132 0.45464 0.30259 0.85809 1.1098 2
0.91101 0.59489 0.26036 0.71218 1.0141 2
-0.12179 0.29374 -0.38187 -0.18438 0.0062702 2
0.50541 0.074291 0.22602 0.44418 0.59188 2
0.33442 0.50311 -0.002468 0.42486 0.54945 2
0.29316 0.093501 0.060062 0.10105 0.21585 2
-0.027229 0.45747 -0.21677 -0.13425 -0.063883 2
-0.44257 0.12584 -0.37368 -0.55617 -0.61775 2
0.85121 0.25487 0.53992 0.87832 1.0436 2
-0.0041421 0.00010538 -0.05104 -0.077883 -0.06771 2
0.14467 0.38746 -0.35031 0.03688 0.19071 2
0.35022 0.18365 0.21399 0.5372 0.65189 2
-0.20272 0.039675 -0.19706 -0.45597 -0.57571 2
1.3104 0.45562 0.40114 1.2935 1.6634 2
0.81576 0.61149 0.27947 0.8898 1.1277 2
1.4793 0.4506 0.72281 1.4866 1.7875 2
0.40414 0.24424 0.2431 0.58 0.73172 2
0.52 0.21239 0.39697 0.71293 0.84126 2
-0.07612 0.26369 -0.45116 -0.36576 -0.12668 2
-0.26091 0.06755 -0.26949 -0.37972 -0.45217 2
-0.53247 0.12387 -0.50673 -0.75248 -0.65929 2
-0.23789 0.04425 -0.25447 -0.34716 -0.41417 2
0.69024 0.55681 0.048444 0.61091 0.88188 2
0.096394 0.42097 -0.23522 0.040092 0.22284 2
0.11313 -0.12755 -0.076443 0.15558 0.23486 2
0.83588 0.50521 0.078181 0.79013 1.0485 2
-0.50275 0.03817 -0.32223 -0.456 -0.45134 2
0.41485 0.10727 0.19026 0.66879 0.70073 2
-0.26163 0.29536 -0.39592 -0.33247 -0.29309 2
-0.20312 0.23835 -0.45936 -0.39545 -0.38359 2
1.0583 0.47142 0.22613 1.1618 1.5953 2
-0.091676 0.13614 -0.08362 0.073879 0.056584 2
-0.12024 0.063516 -0.078521 -0.22995 -0.26883 2
-0.29787 0.27197 -0.30968 -0.55686 -0.55275 2
1.3909 0.46854 0.62728 1.4717 1.7899 2
1.4285 0.54924 0.78077 1.6085 1.8719 2
0.75647 0.5903 0.21378 0.33369 0.51045 2
0.38947 0.21481 0.15232 0.12287 0.13919 2
1.2068 0.58877 0.48438 1.4211 1.8327 2
0.24886 0.054775 -0.098184 0.021315 0.066059 2
0.50445 0.47232 0.14183 0.63041 0.80789 2
0.89818 0.14915 0.30539 0.90922 1.1729 2
0.40107 0.39463 0.0089516 0.076811 0.24226 2
-0.36107 0.11039 -0.32209 -0.18273 -0.18107 2
1.5037 0.60227 0.64437 1.5133 1.8445 2
0.57841 0.58183 0.0073146 0.52286 0.66591 2
1.1423 0.27695 0.6342 1.1877 1.4002 2
-0.069652 0.46321 -0.20688 -0.24606 -0.2129 2
0.86869 0.49322 0.36313 1.0543 1.2774 2
0.057272 0.3219 -0.15237 -0.2771 -0.19483 2
0.11076 0.30109 -0.38339 -0.12733 -0.016195 2
0.74389 0.44648 0.43723 0.97589 1.2532 2
-0.34855 0.20636 -0.43256 -0.43438 -0.33885 2
1.2776 0.45885 0.4768 1.3201 1.7342 2
0.64124 0.40728 -0.054649 0.39447 0.65089 2
0.51699 0.48098 0.068181 0.68219 0.8981 2
-0.39767 0.23427 -0.48417 -0.61984 -0.58256 2
0.67731 0.27591 0.48958 0.81174 0.90242 2
1.45 0.53006 0.61521 1.3072 1.6676 2
1.2817 0.34974 0.44577 1.1155 1.4403 2
1.4412 0.64194 0.72686 1.5059 1.712 2
-0.061685 0.19719 0.093423 -0.047455 -0.11289 2
0.58478 0.30006 0.41705 0.71413 0.86634 2
0.049008 0.51337 -0.21601 0.0022536 0.10836 2
0.80355 -0.0010877 0.12701 0.79692 1.0238 2
1.0282 0.34474 0.63791 0.93117 1.1847 2
0.092389 0.21741 0.14373 0.24576 0.29226 2
0.40025 0.46155 -0.10309 0.10106 0.21959 2
1.1535 0.66039 0.43477 1.134 1.5835 2
0.54844 0.4935 -0.033597 0.26955 0.60337 2
0.95263 0.54843 0.086151 0.90101 1.4419 2
-0.099132 0.14366 -0.15441 0.12858 0.28949 2
0.26099 0.45244 -0.19092 0.3346 0.59496 2
0.78493 0.59617 0.31909 0.96345 1.3571 2
0.010589 0.036003 -0.27609 -0.20433 -0.067228 2
0.91444 0.76348 0.23848 0.68766 1.0936 2
0.70595 0.3156 0.44249 0.97643 1.0113 2
-0.55976 0.079481 -0.46277 -0.64993 -0.68396 2
-0.53751 -0.0010769 -0.3847 -0.63683 -0.7533 2
1.4362 0.5357 0.74684 1.3973 1.6829 2
0.41996 0.39924 -0.1213 0.48808 0.67626 2
1.2625 0.64075 0.3528 1.1626 1.7271 2
-0.082749 0.11471 -0.051749 -0.23463 -0.30298 2
0.65089 0.21291 0.43023 0.65736 0.77678 2
-0.54558 0.10238 -0.60863 -0.57379 -0.47252 2
1.0828 0.52294 0.36398 0.85734 1.2038 2
-0.28669 -0.11959 -0.32922 -0.23096 -0.28452 2
0.61971 0.26904 0.04922 0.37146 0.57067 2
-0.052351 0.16142 0.011105 0.12894 0.13216 2
-0.23216 0.029386 -0.21844 -0.18962 -0.11385 2
-0.49367 0.11571 -0.51676 -0.6244 -0.70847 2
0.31947 0.18591 0.20683 0.042106 0.0068512 2
-0.19725 0.16613 -0.22236 -0.25695 -0.24052 2
1.3822 0.60366 0.53958 1.1118 1.4205 2
0.29677 0.42571 -0.12472 0.37793 0.47624 2
1.0861 0.55325 0.18794 0.94087 1.3672 2
1.0699 0.26823 0.49845 1.3036 1.5266 2
0.70041 0.51068 -0.039179 0.6636 0.96589 2
1.001 0.47026 0.2697 0.73626 1.0029 2
0.91996 0.59252 0.07798 0.81448 1.1286 2
0.42367 0.31901 0.39014 0.55109 0.57317 2
0.10026 0.14819 0.11965 0.27771 0.36529 2
-0.087492 0.38845 -0.036569 0.042002 0.12093 2
0.48871 0.4794 -0.021082 0.34891 0.50242 2
0.36678 0.50348 -0.072859 0.050929 0.15557 2
0.44043 0.40505 0.063547 0.5887 0.67154 2
-0.091498 0.04318 0.00080944 -0.16526 -0.21534 2
-0.54195 -0.093015 -0.60295 -0.59081 -0.5388 2
0.61933 0.57162 -0.074744 0.43649 0.70521 2
1.3243 0.53694 0.49805 1.2614 1.6753 2
-0.025168 0.43643 -0.1739 -0.028757 0.078567 2
0.51137 0.48126 -0.17607 0.33857 0.73747 2
1.2912 0.52751 0.50075 1.1697 1.4839 2
-0.37518 0.089652 -0.48132 -0.59126 -0.62468 2
-0.46735 0.041434 -0.42395 -0.51967 -0.50398 2
1.2422 0.69489 0.53301 1.2913 1.6627 2
0.32263 0.22218 0.33313 0.37442 0.4552 2
0.82775 0.34522 0.16169 0.60043 0.77921 2
-0.28969 -0.13558 -0.30152 -0.35478 -0.44508 2
-0.30217 0.13585 -0.24888 -0.22497 -0.215 2
0.72756 0.19407 0.18456 0.56481 0.69465 2
1.5255 0.63977 0.68849 1.4811 1.9219 2
0.18031 0.20306 -0.0037539 -0.087545 -0.16727 2
1.2665 0.60025 0.60228 1.3795 1.6495 2
-0.021894 0.29244 -0.18664 -0.31894 -0.21607 2
0.1177 0.37321 -0.35649 0.10447 0.40339 2
0.45761 0.11176 0.17183 0.38772 0.53355 2
0.87764 0.53271 0.45435 1.1865 1.5164 2
0.90113 0.37524 0.38494 0.60565 0.7449 2
1.2195 0.64357 0.38598 1.0596 1.4406 2
0.85481 0.40145 0.49558 1.0842 1.2554 2
-0.16922 0.29029 -0.38713 -0.4261 -0.22559 2
0.010716 0.30226 0.034714 0.15624 0.22958 2
1.2956 0.54697 0.47606 1.3451 1.675 2
0.2766 0.55827 -0.054619 0.27692 0.42426 2
0.47903 0.077615 0.31528 0.40274 0.38098 2
-0.52675 0.13329 -0.65205 -0.54841 -0.44552 2
0.51953 0.19327 0.21119 0.2983 0.45304 2
1.0779 0.41078 0.44023 1.2765 1.5429 2
1.0526 0.57185 0.19692 1.0839 1.4868 2
0.61577 0.47881 -0.10582 0.37995 0.6324 2
0.86568 0.21245 0.39941 0.76785 1.0233 2
1.4357 0.57174 0.62047 1.2838 1.6202 2
-0.31018 -0.016913 -0.21236 -0.4204 -0.42209 2
1.6995 0.65619 0.77784 1.6798 2.0161 2
-0.41674 0.029424 -0.35735 -0.60661 -0.60253 2
1.1944 0.41033 0.56662 1.0203 1.3174 2
0.20583 0.15083 -0.12809 -0.086506 0.067797 2
-0.01543 0.41829 -0.19637 -0.20608 -0.17922 2
-0.46411 0.024396 -0.64355 -0.59343 -0.52488 2
1.4255 0.66603 0.79361 1.554 1.9263 2
-0.33203 -0.03251 -0.38549 -0.51435 -0.53024 2
1.1594 0.34964 0.71596 1.2842 1.4323 2
1.4697 0.42772 0.53412 1.4495 1.7705 2
0.77001 0.41514 -0.11134 0.55004 0.95611 2
1.5 0.68091 0.63188 1.3872 1.8297 2
1.1547 0.59294 0.30474 1.1022 1.5942 2
0.083442 0.33791 -0.3729 -0.26207 -0.05839 2
1.4362 0.57359 0.39779 1.3324 1.6769 2
0.0043608 0.059467 -0.033827 0.21125 0.21697 2
-0.54379 0.10886 -0.43431 -0.4465 -0.47758 2
0.58848 0.3497 -0.10264 0.33823 0.58965 2
0.93026 0.72556 0.28313 0.77443 0.99805 2
0.53836 0.47072 0.12788 0.65365 0.79401 2
0.22877 0.23381 0.28566 0.37977 0.49241 2
1.2954 0.31606 0.65509 1.2737 1.4209 2
0.62877 0.58387 0.16149 0.77448 1.021 2
0.45194 0.20435 0.23259 0.27069 0.4358 2
0.6765 0.19278 0.23501 0.42972 0.51493 2
0.462 0.34552 0.17173 0.66279 0.95686 2
0.089522 0.14527 -0.040802 0.36732 0.50923 2
0.42076 -0.0019733 -0.17754 0.20943 0.45855 2
-0.31824 0.026052 -0.16865 -0.43599 -0.61214 2
0.55909 0.32556 0.45344 0.74306 0.81243 2
0.37745 0.16682 0.2367 0.66266 0.7207 2
0.72402 0.2614 0.41558 0.8776 1.0842 2
-0.39157 -0.11184 -0.37109 -0.31397 -0.32627 2
1.3913 0.56758 0.7552 1.4234 1.7094 2
0.89105 0.55922 0.23411 0.59079 0.98579 2
1.1479 0.55551 0.32212 1.1608 1.625 2
0.466 0.29072 0.30446 0.59021 0.82621 2
1.0541 0.51432 0.4123 1.1873 1.5996 2
1.0975 0.42375 0.33297 0.93356 1.2511 2
0.27872 0.42593 -0.2052 -0.065455 0.1901 2
1.3512 0.78614 0.72323 1.5015 1.9138 2
0.54201 0.21527 0.41194 0.68614 0.79925 2
0.10664 0.24997 0.020481 0.31776 0.44433 2
-0.51395 0.16651 -0.40042 -0.69441 -0.77198 2
1.0101 0.17947 0.32726 1.1441 1.4394 2
0.24904 0.12834 -0.057088 0.038618 0.22125 2
1.1268 0.53026 0.27065 1.0036 1.3811 2
0.034161 0.017685 -0.23318 -0.25486 -0.24166 2
0.77666 0.40805 0.24333 0.5118 0.88087 2
1.416 0.75944 0.51248 1.2939 1.7654 2
0.024879 -0.11329 -0.23208 -0.079191 -0.055274 2
-0.36243 -0.11013 -0.32604 -0.42095 -0.40211 2
-0.051215 -0.065602 -0.27783 -0.13303 -0.065263 2
0.032212 0.12588 0.030298 0.15061 0.16821 2
0.68226 0.33925 -0.052414 0.4275 0.77522 2
-0.017345 0.17689 -0.42125 -0.29187 -0.13602 2
1.3095 0.50882 0.42946 1.506 1.8672 2
0.20268 0.49476 -0.20812 0.15589 0.38188 2
0.39079 0.064212 -0.068491 0.20307 0.31651 2
-0.035167 0.23844 -0.34989 -0.34029 -0.24921 2
0.60477 0.55916 0.08134 0.69734 1.0176 2
0.043217 0.14893 -0.10291 -0.15885 -0.11205 2
0.60053 0.63386 0.091932 0.44459 0.63385 2
1.0846 0.29614 0.62637 1.1421 1.2228 2
-0.2663 0.28299 -0.43307 -0.25737 -0.095125 2
1.3811 0.60556 0.53654 1.5108 1.8748 2
0.64426 0.35183 0.51396 0.77683 0.82091 2
0.044028 0.3048 -0.39265 -0.051369 -0.017312 2
0.26638 0.0018246 0.12043 0.28133 0.38007 2
0.8081 0.28153 0.088189 0.61335 0.93616 2
0.44572 0.16524 0.33453 0.63027 0.73998 2
0.55259 0.11003 0.36043 0.53748 0.68031 2
1.0633 0.20188 0.51475 1.1373 1.3942 2
-0.51274 0.048083 -0.49663 -0.65151 -0.72085 2
-0.4317 0.062036 -0.2242 -0.39738 -0.43888 2
0.068153 0.37107 -0.016228 -0.3275 -0.18085 2
0.19265 0.45216 -0.1646 0.16205 0.37188 2
1.5245 0.69036 0.83803 1.6435 1.9984 2
1.528 0.69432 0.64308 1.5211 1.9244 2
0.61544 0.11358 0.26604 0.4581 0.50724 2
0.89021 0.2983 0.49052 1.1073 1.2169 2
0.46742 0.3521 -0.12506 0.10314 0.32975 2
-0.29186 0.14466 -0.17688 -0.15555 -0.15599 2
0.60861 0.46597 -0.074602 0.44874 0.70094 2
-0.10696 0.068348 -0.10068 0.12933 0.21341 2
-0.24122 0.066715 -0.15408 -0.26334 -0.3664 2
-0.12665 0.16312 -0.23416 -0.35103 -0.33045 2
0.36305 0.49306 -0.095007 0.3673 0.57503 2
0.29002 0.46825 0.07952 0.37848 0.51276 2
0.53293 0.31638 -0.10239 0.32452 0.66887 2
0.39956 0.5164 -0.053309 0.46031 0.68507 2
0.26991 0.36062 -0.104 0.34249 0.41217 2
-0.44795 0.18375 -0.5622 -0.40247 -0.16817 2
0.58994 0.03243 0.25547 0.65253 0.76238 2
0.29517 0.20541 0.13562 0.50787 0.59084 2
0.57131 0.53261 0.19057 0.64399 0.75486 2
-0.53055 -0.076607 -0.4001 -0.61146 -0.63955 2
0.73037 0.58773 0.14965 0.81614 1.1258 2
-0.18403 -0.018304 -0.37703 -0.36251 -0.11076 2
-0.28685 -0.01681 -0.33018 -0.2809 -0.27582 2
0.13534 -0.024698 0.094624 0.16293 0.17677 2
0.036324 0.085416 -0.052823 -0.13984 0.03105 2
0.37832 0.23231 0.28459 0.47157 0.50985 2
0.62694 0.36659 0.10549 0.29644 0.45828 2
0.82916 0.40191 0.26349 1.0686 1.4304 2
1.4678 0.5534 0.73096 1.4372 1.7097 2
0.25061 0.011779 0.054571 0.352 0.56239 2
-0.03479 0.23762 -0.033901 0.10261 0.15228 2
-0.31799 0.21503 -0.31487 -0.30231 -0.3636 2
1.4219 0.48689 0.68099 1.3698 1.6541 2
1.1852 0.72819 0.37334 1.0844 1.4813 2
1.001 0.39893 0.27993 0.90018 1.3227 2
0.84225 0.27693 0.40931 0.7676 0.98032 2
-0.18292 0.20676 -0.3024 -0.4411 -0.41041 2
-0.39914 0.19878 -0.34995 -0.58001 -0.5782 2
1.3115 0.83563 0.48183 1.0964 1.5479 2
0.79964 0.53316 0.081954 0.62033 0.91786 2
1.0865 0.27807 0.59907 1.1413 1.3686 2
1.3413 0.6919 0.51883 1.3119 1.6475 2
-0.21107 0.11374 -0.17026 -0.10125 -0.15759 2
0.9337 0.28744 0.3833 0.83298 1.1284 2
1.0134 0.59008 0.38109 1.1493 1.5876 2
-0.26656 -0.03117 -0.18564 -0.18269 -0.23582 2
0.21389 0.11353 -0.13411 -0.055894 0.11396 2
0.83045 0.62796 0.31662 0.9918 1.3012 2
0.52566 0.36281 -0.18903 0.36768 0.61898 2
0.73035 0.12213 0.28162 0.84203 1.0555 2
0.42668 0.24337 0.29329 0.61363 0.66286 2
-0.47231 0.049482 -0.50167 -0.41527 -0.27288 2
1.4285 0.58313 0.64494 1.2401 1.649 2
-0.45192 0.0058966 -0.39932 -0.60265 -0.68451 2
0.73575 0.34563 0.083755 0.47418 0.66887 2
0.80048 0.42402 0.62503 0.80279 1.0525 2
0.34018 0.39881 -0.133 0.24886 0.41545 2
0.31476 0.48515 0.081845 0.3492 0.44788 2
-0.11125 0.32889 -0.31119 -0.054897 0.1541 2
-0.00129 0.26671 -0.13238 0.23139 0.42171 2
1.016 0.67464 0.27491 0.96251 1.3076 2
0.09745 0.12462 -0.21643 -0.1837 -0.10564 2
-0.11733 -0.024252 -0.090095 -0.13716 -0.18771 2
0.79882 0.30828 0.38907 0.94006 1.2147 2
0.27171 -0.051975 0.11085 0.39432 0.50694 2
-0.40221 0.15105 -0.2926 -0.54799 -0.60809 2
0.36609 0.54855 0.02381 0.35846 0.49272 2
0.65922 0.17403 0.36591 0.67172 0.79091 2
0.63593 0.48546 -0.087857 0.3707 0.76097 2
-0.49468 0.056968 -0.3888 -0.56058 -0.58484 2
0.54078 0.078722 -0.11261 0.31945 0.62224 2
0.40229 0.24045 0.079077 0.67921 0.89826 2
-0.51519 -0.059622 -0.57516 -0.63086 -0.63697 2
1.2243 0.43097 0.55043 1.2887 1.6017 2
0.29274 0.32717 0.1332 0.47667 0.51809 2
0.89396 0.22256 0.47765 0.8812 1.1485 2
1.0814 0.71085 0.43911 1.154 1.4759 2
0.96281 0.60681 0.32851 1.097 1.4019 2
-0.17166 -0.017146 -0.17173 0.017125 0.012392 2
0.3905 0.4126 -0.10139 0.2045 0.40695 2
0.10777 0.2594 -0.35744 0.17873 0.35637 2
0.7523 0.42035 0.21944 0.92996 1.151 2
-0.38642 0.14891 -0.50869 -0.48214 -0.41716 2
-0.073745 0.1335 -0.13353 -0.31704 -0.36376 2
0.40918 0.3445 0.25114 0.61596 0.66034 2
0.17988 0.48399 -0.06517 0.15989 0.27542 2
-0.10829 0.36691 -0.24185 -0.37119 -0.37273 2
-0.11825 0.0056389 -0.011413 -0.042788 -0.013784 2
-0.49876 -0.00046742 -0.5935 -0.72902 -0.82093 2
1.0933 0.49974 0.52201 1.3601 1.5903 2
0.48431 0.12026 0.22643 0.34795 0.48099 2
-0.15505 0.31164 -0.01292 -0.30694 -0.49882 2
-0.324 0.059742 -0.36094 -0.42027 -0.49308 2
1.5712 0.58737 0.75717 1.5958 1.8859 2
0.45232 0.12358 0.20752 0.28904 0.37268 2
0.31085 -0.013377 -0.061185 0.14603 0.26959 2
0.23639 0.60946 -0.06253 0.052755 0.18622 2
1.0268 0.60647 0.31506 1.1414 1.6479 2
-0.050822 0.011433 -0.17794 -0.24588 -0.19059 2
0.69492 0.3536 0.031772 0.47214 0.81377 2
0.4372 0.084577 0.14815 0.7318 0.9702 2
0.15485 0.45884 -0.27197 -0.14892 0.029894 2
-0.34091 -0.075877 -0.35937 -0.38175 -0.42426 2
0.71644 0.10037 0.338 0.75 0.9412 2
-0.26677 0.22413 -0.45103 -0.3484 -0.27503 2
0.98408 0.22739 0.38407 0.90773 1.1169 2
-0.47685 -0.0059734 -0.50275 -0.70469 -0.58475 2
1.5395 0.56503 0.67967 1.6044 2.0303 2
1.5378 0.72752 0.72854 1.623 2.0603 2
-0.079008 0.21466 -0.27904 -0.41422 -0.22845 2
1.6933 0.68537 0.7254 1.7294 2.2055 2
-0.41648 0.080294 -0.56904 -0.40584 -0.49452 2
0.9689 0.3163 0.10431 0.93262 1.2508 2
0.8543 0.45549 0.613 1.0574 1.2327 2
0.43015 0.21125 0.143 0.68488 0.87209 2
-0.018594 0.19883 -0.048458 0.21644 0.2565 2
0.57182 0.3665 -0.015387 0.29784 0.47673 2
1.1217 0.34044 0.50317 1.1476 1.4601 2
-0.26236 0.30567 -0.29644 -0.32223 -0.32417 2
-0.27117 0.0026982 -0.16264 -0.27737 -0.28042 2
0.59124 0.17671 0.39356 0.64882 0.66979 2
1.4585 0.68729 0.72355 1.4064 1.7582 2
0.6778 0.59243 0.30501 0.77064 0.85943 2
0.039981 0.33548 -0.17263 -0.05996 -0.12258 2
1.4629 0.57282 0.70664 1.5927 2.0084 2
0.36659 0.50543 -0.13434 0.14618 0.39442 2
0.36977 0.062082 0.18518 0.20808 0.26023 2
0.93007 0.51038 0.097064 1.0209 1.447 2
-0.19063 0.061229 -0.24222 -0.38222 -0.49729 2
0.56876 0.39786 -0.11124 0.39135 0.57959 2
0.78246 0.5585 0.31465 0.92395 1.0388 2
0.50376 0.17636 0.29556 0.61099 0.78507 2
-0.45432 0.31969 -0.36828 -0.69465 -0.69642 2
-0.19889 0.33755 -0.084474 -0.21246 -0.2476 2
0.19886 0.030903 -0.17163 -0.050331 0.034915 2
0.35411 0.31203 -0.26351 0.14942 0.45149 2
0.65628 0.11687 0.254 0.53423 0.64679 2
0.85965 0.25678 0.53244 0.98724 1.2038 2
1.2505 0.45991 0.68197 1.3468 1.6243 2
-0.053778 0.27926 -0.28485 0.015068 0.056791 2
-0.20548 0.4392 -0.18238 -0.2059 -0.11493 2
0.18955 0.22996 -0.02413 -0.10808 -0.12289 2
1.3211 0.51668 0.41252 1.1696 1.539 2
0.30998 0.10276 0.24141 0.53811 0.56766 2
-0.41701 -0.0054622 -0.43588 -0.66639 -0.68937 2
1.0153 0.43991 0.54493 1.255 1.5062 2
1.0793 0.44666 0.36086 0.80367 1.1287 2
1.423 0.49676 0.60589 1.4362 1.7875 2
0.32725 0.18459 -0.19188 0.073873 0.29772 2
0.47394 0.41534 -0.010761 0.57646 0.86113 2
0.7471 0.34789 0.34822 0.48754 0.68489 2
-0.070298 0.05792 -0.12729 -0.2992 -0.23587 2
0.84889 0.55453 0.056843 0.63992 1.0469 2
0.35425 0.052121 0.15514 0.33449 0.36125 2
0.5808 0.21655 0.43239 0.5928 0.58941 2
1.1631 0.56606 0.32249 1.0265 1.412 2
0.38914 0.16327 0.30392 0.58729 0.68752 2
1.0958 0.56716 0.28334 0.86176 1.1567 2
0.066053 0.31301 -0.25127 -0.13188 -0.08535 2
0.93071 0.23244 0.53895 0.92752 0.99463 2
0.93616 0.25204 0.62667 1.0165 1.0697 2
0.88587 0.61908 0.37025 1.014 1.306 2
0.46077 0.11993 0.18411 0.44111 0.56325 2
0.96865 0.39513 0.34094 1.2686 1.5638 2
0.77508 0.45079 0.023224 0.52131 0.82942 2
-0.42886 -0.097259 -0.39603 -0.39918 -0.38476 2
1.3859 0.6696 0.51166 1.2881 1.7064 2
0.33627 0.16155 0.091251 0.056929 0.090632 2
1.3502 0.79505 0.64991 1.4154 1.8223 2
1.484 0.51602 0.5879 1.4679 1.8773 2
0.23176 0.57923 -0.095843 0.14812 0.31514 2
1.1296 0.62783 0.55443 1.2677 1.5051 2
0.88082 0.3479 -0.0085285 0.65804 1.053 2
1.4086 0.61841 0.79923 1.4826 1.8097 2
0.05247 0.34979 -0.31713 -0.0080837 0.12328 2
1.1589 0.68183 0.46904 1.21 1.6352 2
1.3575 0.59415 0.64256 1.4771 1.8682 2
0.085323 0.24234 0.074253 0.16006 0.17051 2
-0.24963 -0.0088598 -0.17416 -0.27082 -0.38881 2
-0.23033 0.20115 -0.40502 -0.50709 -0.46628 2
1.1939 0.55744 0.44966 1.3382 1.7387 2
0.57392 0.32175 0.33453 0.79304 0.94584 2
-0.10674 0.32086 -0.30745 -0.21867 -0.10956 2
0.38597 0.56631 -0.076213 0.12087 0.31797 2
-0.46563 0.13176 -0.53793 -0.44159 -0.35647 2
0.2297 0.12443 0.2135 0.40803 0.28118 2
1.0861 0.52847 0.63333 1.3159 1.6214 2
0.28182 0.16889 -0.002253 0.05939 0.11523 2
1.4326 0.52786 0.57505 1.3628 1.8097 2
-0.629 -0.005736 -0.60948 -0.65289 -0.54998 2
0.87103 0.19244 0.47219 0.89157 1.1379 2
-0.024862 0.04481 -0.063613 0.10909 0.11311 2
0.17389 -0.054719 0.050083 0.23379 0.24619 2
1.4002 0.5401 0.65674 1.3589 1.6816 2
-0.20026 -0.045501 -0.14806 -0.26277 -0.2875 2
1.4176 0.51867 0.6562 1.3613 1.6394 2
0.63539 0.18231 0.28129 0.54194 0.61671 2
0.46999 0.5075 0.045663 0.56943 0.80626 2
-0.22515 -0.071308 -0.32109 -0.37789 -0.33549 2
0.65698 0.58008 0.061375 0.55988 0.81426 2
1.115 0.48092 0.33944 1.0086 1.355 2
-0.38465 0.096335 -0.51619 -0.41438 -0.31497 2
0.58625 0.36119 0.25957 0.84602 0.97767 2
0.46576 0.29261 0.16813 0.74124 0.93291 2
0.58124 0.077167 0.050014 0.43045 0.62782 2
0.36281 0.059006 0.061855 0.23027 0.39161 2
1.1947 0.51802 0.48109 1.4197 1.7343 2
1.151 0.39211 0.29774 1.0995 1.5145 2
0.065927 0.53456 -0.15185 -0.093868 0.080688 2
0.24042 0.50173 -0.14933 0.17133 0.37535 2
-0.16624 0.12142 -0.31393 -0.073462 -0.13145 2
-0.37185 0.051879 -0.18027 -0.31909 -0.33511 2
0.20018 0.40554 -0.2276 -0.041716 0.16038 2
0.50738 0.31667 0.28132 0.70761 0.90203 2
0.70375 0.25831 0.34478 0.53972 0.6751 2
-0.41736 0.18412 -0.55223 -0.52418 -0.33925 2
-0.30959 0.11445 -0.40871 -0.56706 -0.53441 2
-0.23528 -0.025904 -0.26047 -0.34297 -0.44547 2
0.43428 0.51267 0.10285 0.59876 0.88664 2
1.125 0.59821 0.38451 1.1859 1.4843 2
0.91871 0.49064 0.40939 1.1222 1.4768 2
-0.28174 -0.035775 -0.28386 -0.48248 -0.50209 2
0.15629 0.38961 -0.33083 0.039635 0.27965 2
0.3282 0.43192 -0.32588 0.13044 0.5282 2
-0.11538 0.077317 -0.2214 -0.38948 -0.38129 2
0.39415 0.42432 -0.16331 0.16659 0.44249 2
0.695 0.15561 0.42106 0.77995 0.91355 2
0.45453 0.55609 -0.14779 0.29104 0.67986 2
1.0643 0.39172 0.47517 1.0055 1.2889 2
0.60765 0.36604 0.16573 0.87805 1.1115 2
0.45725 0.38365 0.035941 0.085709 0.34469 2
0.67234 0.15576 0.30278 0.78473 1.0768 2
1.1888 0.59907 0.45396 1.3502 1.6983 2
0.47558 0.3516 0.075351 0.66895 0.84284 2
-0.36327 -0.025413 -0.28458 -0.51926 -0.63017 2
1.3011 0.51716 0.59966 1.3166 1.6886 2
0.92497 0.54576 0.18561 0.93382 1.2364 2
1.1333 0.31216 0.46855 1.3132 1.6703 2
1.0856 0.62221 0.36269 1.2078 1.5743 2
-0.50555 0.032322 -0.50842 -0.51121 -0.5138 2
1.3753 0.70603 0.58602 1.3667 1.8077 2
0.10701 0.12588 -0.19941 -0.18904 -0.19405 2
-0.29036 0.062747 -0.16566 -0.24347 -0.18113 2
-0.2755 0.23416 -0.44046 -0.38011 -0.34142 2
-0.38147 -0.089155 -0.33072 -0.26409 -0.33149 2
0.79021 0.2221 0.49093 0.98154 1.2662 2
0.98416 0.46914 0.14918 0.99594 1.447 2
0.49273 0.32656 0.31674 0.70704 0.8187 2
1.1048 0.24267 0.45515 1.3067 1.5385 2
1.2517 0.66309 0.45116 1.2653 1.5788 2
0.83431 0.35299 0.23123 0.56446 0.7677 2
1.1518 0.61879 0.28606 0.98575 1.3428 2
0.1169 0.46988 -0.11911 0.025047 0.05866 2
1.0031 0.66995 0.50507 0.62725 0.81233 2
0.78496 0.50204 0.12292 0.43719 0.67068 2
0.85619 0.18147 0.40873 0.90154 1.1215 2
1.4277 0.6782 0.64166 1.3931 1.6911 2
-0.18158 0.011389 -0.33735 -0.46977 -0.44926 2
1.1832 0.45068 0.48833 1.0449 1.341 2
0.6173 0.53732 0.095406 0.62839 0.74314 2
0.47633 0.44538 0.016416 0.13941 0.318 2
1.1609 0.47635 0.36931 1.2295 1.6938 2
-0.44779 0.20581 -0.47696 -0.41867 -0.31828 2
0.024737 -0.012228 -0.26247 -0.165 -0.1538 2
0.77837 0.21173 0.052927 0.5758 0.85875 2
-0.11532 0.019634 -0.021701 -0.018558 -0.17637 2
0.4665 0.45345 -0.095692 0.23817 0.50583 2
1.4419 0.59649 0.68028 1.4303 1.7685 2
-0.11253 0.29782 -0.33452 -0.29574 -0.25505 2
0.074977 0.24053 -0.41624 -0.020162 0.18768 2
0.87582 0.41095 0.20206 0.6433 1.0597 2
0.18267 0.33076 -0.22393 0.13899 0.21054 2
0.3866 0.45768 -0.068809 0.070287 0.23548 2
0.91654 0.51943 0.34082 1.0747 1.3315 2
0.44305 0.51244 -0.030093 0.43643 0.57388 2
0.53517 0.24867 0.22776 0.2655 0.32846 2
1.1252 0.53002 0.27186 1.11 1.3386 2
-0.38587 0.052589 -0.39555 -0.51079 -0.56837 2
1.2249 0.67573 0.51709 1.4027 1.8009 2
1.0664 0.32623 0.50686 1.013 1.2296 2
0.26151 0.16194 0.1511 0.39646 0.47064 2
1.1759 0.60496 0.30869 1.266 1.787 2
1.2193 0.52836 0.36594 1.0931 1.3678 2
1.3395 0.71604 0.63763 1.1179 1.4267 2
1.0023 0.61057 0.34607 1.1269 1.5002 2
0.42955 0.22051 0.31882 0.67116 0.69643 2
0.71374 0.3132 0.016797 0.53271 0.90582 2
0.32161 0.52127 -0.16895 0.057046 0.40352 2
1.534 0.53802 0.84228 1.5425 1.7954 2
0.22351 0.31134 -0.27917 -0.031256 0.21313 2
0.028699 0.074075 -0.10567 -0.14158 0.035106 2
0.27415 0.052329 0.15537 0.40929 0.59163 2
0.35685 0.53672 -0.069448 0.18624 0.34501 2
0.23311 0.39751 -0.30408 0.24028 0.41132 2
1.2795 0.46699 0.49503 1.1569 1.4793 2
-0.13252 0.06715 -0.11057 -0.085463 -0.14783 2
1.0524 0.53566 0.51285 1.2394 1.4382 2
0.77224 0.5642 0.10394 0.77679 1.0449 2
0.88862 0.45217 0.10186 0.74062 1.0179 2
0.46963 0.33925 0.090896 0.083264 0.13917 2
0.42829 0.58438 0.038764 0.49155 0.83989 2
0.44552 0.1763 0.33661 0.46768 0.56671 2
0.22543 0.51878 -0.070813 0.35365 0.55904 2
-0.32387 0.022664 -0.1474 -0.4237 -0.6112 2
-0.28471 0.16111 -0.39928 -0.39858 -0.46102 2
0.77456 0.19411 0.47285 0.8005 1.0001 2
1.1037 0.53412 0.2213 0.88337 1.1748 2
0.54169 0.10941 0.17463 0.46939 0.72384 2
-0.18687 -0.031673 -0.23515 -0.32352 -0.43838 2
0.48414 0.57951 0.041895 0.42584 0.52357 2
0.49303 0.28034 0.19413 0.78673 0.92573 2
-0.3774 -0.010668 -0.33962 -0.45085 -0.48979 2
0.0090543 0.10835 -0.23674 -0.25892 -0.30047 2
1.2798 0.39704 0.71041 1.2136 1.3792 2
-0.54734 -0.20227 -0.44913 -0.63407 -0.69366 2
-0.1901 0.072804 -0.34528 -0.51541 -0.44773 2
0.91084 0.56859 0.50762 1.1153 1.5142 2
1.1448 0.58921 0.68238 1.3485 1.639 2
0.74361 0.48005 0.11694 0.84038 1.062 2
-0.069328 0.049123 -0.087492 0.10092 0.14472 2
1.2665 0.59827 0.66685 1.4327 1.7638 2
-0.15281 0.20728 -0.14531 -0.28107 -0.4228 2
-0.41911 0.14427 -0.3442 -0.44351 -0.40625 2
0.80796 0.21159 0.35873 1.0245 1.123 2
1.3819 0.54722 0.62549 1.4134 1.7843 2
-0.35212 0.045024 -0.38296 -0.5193 -0.5272 2
-0.25056 0.24185 -0.32258 -0.50705 -0.44203 2
1.5589 0.6301 0.58629 1.4747 1.7387 2
-0.29331 0.15894 -0.19328 -0.19916 -0.15527 2
0.2679 -0.00031337 0.054765 0.24278 0.28659 2
0.44508 0.3676 0.3281 0.61691 0.61074 2
0.68854 0.52284 -0.0034711 0.4884 0.83042 2
-0.31467 0.074681 -0.233 -0.25716 -0.16483 2
-0.15917 -0.066093 -0.22219 -0.24 -0.26095 2
1.0252 0.27259 0.55339 1.2198 1.4263 2
1.1833 0.35798 0.50552 1.4455 1.7232 2
0.35054 0.00069802 0.13519 0.56661 0.7002 2
0.4813 0.55182 0.24127 0.55688 0.64675 2
0.93542 0.18866 0.45206 0.97493 1.0858 2
0.15332 0.30123 -0.1947 -0.19117 -0.05695 2
0.4373 0.16945 0.15839 0.73469 0.81136 2
0.38805 0.066765 0.16614 0.60448 0.76115 2
0.79285 0.53955 0.47797 0.9412 1.0848 2
