-0.75073 -0.59417 -0.13248 -0.15408 1
0.41175 0.22233 -0.1285 -0.12279 1
-0.57418 -1.0815 -1.0951 -0.46889 1
-0.31855 -0.80158 -0.90448 -0.44906 1
-0.83962 -0.50696 -0.32624 -0.18568 1
0.87967 1.0852 0.93017 0.66897 1
-0.86211 -1.2805 -1.2548 -0.58893 1
-0.2901 -0.55623 -0.23826 0.013829 1
1.0901 1.3011 0.77734 0.52545 1
1.1942 1.6017 1.1724 0.5345 1
-0.55231 -0.46673 -0.23262 0.16618 1
-0.86219 -1.2347 -1.0228 -0.6968 1
0.60908 1.1917 0.96691 0.50103 1
-0.62371 -0.89889 -0.75366 -0.73886 1
-0.72255 -1.161 -0.94691 -0.52916 1
0.50767 0.77608 0.34644 0.15658 1
0.83527 1.2537 0.94745 0.49316 1
0.89214 1.3507 1.1632 0.53175 1
0.89617 1.3895 1.1033 0.56143 1
-0.1527 0.32185 0.48586 0.13308 1
0.95636 1.0386 0.58655 0.43138 1
0.39265 0.022208 -0.15636 -0.12151 1
0.72428 0.59034 0.3662 0.32917 1
0.82696 1.4184 1.3046 0.61044 1
-0.55028 -0.78771 -0.49508 -0.085728 1
-0.2224 -0.24066 0.12866 0.059182 1
-0.73534 -1.0176 -0.72563 -0.32787 1
-0.49413 -0.63328 -0.44047 -0.040396 1
-0.52664 -0.8479 -0.899 -0.34907 1
0.79872 1.5245 1.344 0.71327 1
-0.42829 -0.91644 -0.67357 -0.18962 1
-0.0085264 -0.14051 0.00038017 0.17327 1
-0.58607 -1.086 -0.98819 -0.4008 1
0.20972 -0.39671 -0.48748 -0.23831 1
-0.020595 0.31841 0.57422 0.32418 1
0.69972 1.0364 1.0505 0.45744 1
0.40634 0.78049 1.0259 0.49726 1
0.99446 1.5157 1.1247 0.53023 1
0.24512 -0.22984 -0.20288 -0.074299 1
-0.43178 -0.1681 0.10252 -0.14199 1
-0.012197 0.58152 0.62437 0.28213 1
-0.9307 -1.3809 -0.93537 -0.48017 1
-0.41583 -0.54632 -0.39312 0.08583 1
0.5123 0.98487 0.94901 0.67726 1
-0.25767 0.16956 0.27183 -0.061282 1
-0.14058 0.21656 0.53811 0.22215 1
-0.062014 -0.13985 -0.33422 -0.31683 1
-0.99967 -1.1594 -0.79626 -0.32529 1
0.2658 -0.23503 -0.18826 -0.013226 1
-0.33584 -0.062521 -0.13296 -0.2495 1
-0.72012 -1.0768 -1.1336 -0.64327 1
-0.97224 -1.1274 -0.81595 -0.56487 1
0.92325 1.3594 1.0969 0.5405 1
-0.21656 -0.49517 -0.22253 0.0032045 1
0.63438 0.44532 -0.021992 0.25696 1
0.42465 0.95199 0.88772 0.33191 1
-0.85697 -1.2798 -0.84137 -0.54727 1
0.29052 0.15764 0.058578 0.37218 1
-0.31713 0.14273 0.27199 0.048193 1
0.68388 1.0014 0.91832 0.34177 1
-0.12675 0.18803 0.1841 -0.18035 1
0.18381 0.072772 0.23783 0.33567 1
0.43153 0.57196 0.17017 0.11961 1
0.51088 0.65721 0.43732 -0.011824 1
0.46621 0.52334 0.013776 0.089658 1
-0.31095 0.044592 0.32227 -0.19946 1
0.46228 1.0097 1.0217 0.42806 1
-0.87522 -0.99454 -0.68375 -0.41258 1
-0.54827 -0.4047 0.018951 -0.0079916 1
-0.095555 -0.74357 -0.82217 -0.33173 1
0.75559 1.0013 0.54175 0.2928 1
-0.19831 0.17525 0.48699 0.20852 1
-0.21511 -0.07204 -0.053593 -0.31957 1
1.0517 1.5906 1.239 0.84852 1
0.1536 0.50401 0.71949 0.2344 1
0.71995 1.0353 0.76473 0.39619 1
-0.4731 -0.22596 0.018862 -0.14772 1
0.076548 0.45881 0.73272 0.27726 1
-0.95126 -0.90767 -0.61409 -0.40929 1
-0.062592 -0.2182 -0.56129 -0.28144 1
0.26744 0.71448 0.85706 0.39573 1
-0.74596 -0.91948 -0.563 -0.33726 1
-5.30E-05 -0.2218 -0.56402 -0.17632 1
-0.39104 -0.14741 0.071414 0.032073 1
-0.44091 -0.63 -0.10011 -0.014734 1
0.19975 0.89108 0.98383 0.39599 1
0.087406 -0.10869 0.072653 0.26985 1
-0.76106 -0.74298 -0.55474 -0.32318 1
0.49202 0.70832 0.72411 0.53228 1
0.93981 1.0307 0.72106 0.41748 1
-0.52204 -0.8502 -0.55686 -0.12467 1
0.071993 0.41137 0.60216 0.22447 1
0.89158 1.2734 0.83912 0.51493 1
0.50698 -0.018364 -0.12691 -0.15947 1
1.0639 1.7453 1.4193 0.94816 1
-0.46624 -0.055417 0.16709 -0.088299 1
0.85163 0.9322 0.70785 0.50412 1
-0.32597 -0.90553 -1.0141 -0.41927 1
0.90747 1.3984 0.95816 0.48457 1
-0.020348 -0.21742 -0.5333 -0.28072 1
-0.80494 -0.71395 -0.56182 -0.38728 1
1.0994 1.1898 0.68432 0.42368 1
0.85865 0.94592 0.53948 0.12626 1
0.36282 0.36519 0.43373 0.37492 1
-0.60498 -0.39562 -0.21339 -0.17433 1
0.10106 0.037402 -0.12017 -0.34719 1
1.3358 1.7786 1.3148 0.79985 1
-1.0534 -1.4995 -1.1525 -0.8321 1
0.903 1.0435 1.0115 0.51348 1
1.1181 1.3 0.89429 0.48309 1
-0.098089 0.25508 0.2034 -0.092779 1
0.48694 0.19912 0.047788 0.29728 1
-0.18665 0.30342 0.53066 0.37842 1
0.47535 0.64785 0.72692 0.48646 1
-0.057183 -0.37818 -0.24211 0.03274 1
-0.50536 -1.1605 -0.93793 -0.47301 1
0.33743 0.92844 0.9541 0.30822 1
0.78495 1.2883 1.1016 0.57336 1
-0.39588 -0.55221 -0.34357 0.16479 1
-0.50472 -0.831 -0.44104 -0.17555 1
-0.71503 -0.81602 -0.36529 -0.10602 1
-0.1225 0.30494 0.50371 0.13634 1
-0.11905 -0.53774 -0.29349 -0.099337 1
0.70306 0.738 0.34265 0.43207 1
0.3347 0.18562 -0.14436 -0.031989 1
-0.11512 0.22425 0.098386 -0.12344 1
-0.70397 -1.1656 -0.68176 -0.31044 1
0.59203 1.0818 0.65841 0.21666 1
0.67728 1.5561 1.3385 0.71862 1
0.77559 1.2252 0.99714 0.8824 1
-0.54207 -1.0825 -1.156 -0.55852 1
0.25492 0.73389 0.85029 0.33372 1
1.0096 1.2223 0.83484 0.46648 1
-0.125 -0.55039 -0.70951 -0.29226 1
0.73554 0.57165 0.2501 0.35481 1
-0.32038 -0.097749 -0.040162 -0.18404 1
0.16486 -0.25155 -0.055327 -0.025477 1
-0.85186 -1.1487 -0.9113 -0.3209 1
-0.73635 -0.53773 -0.32591 -0.23568 1
0.077844 0.42851 0.65969 0.46028 1
0.57291 0.692 0.53382 0.43836 1
0.069787 -0.41987 -0.6918 -0.22065 1
-0.6483 -0.61526 -0.46626 -0.34762 1
0.40661 -0.1947 -0.43306 -0.23243 1
0.2732 0.25748 0.25563 0.4231 1
-0.70084 -0.90441 -0.59212 -0.51331 1
-0.22047 -0.39966 -0.65235 -0.3792 1
-0.028842 -0.4597 -0.73636 -0.4182 1
0.087239 0.58995 0.61628 0.25726 1
0.82764 0.63952 0.46542 0.24124 1
-0.79243 -1.4783 -1.2908 -0.71167 1
0.27021 -0.052916 0.046993 0.095002 1
0.84032 1.2245 0.85325 0.35768 1
0.42781 0.26461 -0.1561 -0.14238 1
0.59267 0.90228 0.66278 0.20095 1
0.54166 0.64337 0.57631 0.56694 1
0.99128 1.5271 1.3205 0.59624 1
-0.60902 -1.1022 -1.1793 -0.51192 1
0.78362 0.62229 0.27044 0.45663 1
-0.61781 -0.58254 -0.2471 -0.080914 1
0.27814 1.0128 0.84403 0.47457 1
-0.01085 0.37183 0.32777 -0.1121 1
-0.18737 -1.001 -0.98174 -0.56285 1
-1.1338 -1.6383 -1.1729 -0.86528 1
0.03893 -0.33474 -0.24078 0.023113 1
-0.25808 -0.034158 0.3111 0.18196 1
0.26236 0.29087 -0.045823 -0.042383 1
0.93157 1.0633 0.93716 0.58367 1
0.56622 0.40453 -0.013302 0.030525 1
-0.07775 0.16179 0.035066 -0.2023 1
0.95748 1.4271 1.0852 0.63654 1
-0.93427 -1.1758 -0.60247 -0.4786 1
-0.15608 0.15874 0.45659 0.38475 1
-0.69344 -1.2752 -1.146 -0.78039 1
0.050105 -0.41128 -0.3796 -0.0094937 1
0.70063 0.52964 0.1964 0.13622 1
0.32307 -0.044786 -0.28409 0.064066 1
-0.82582 -0.72056 -0.33986 -0.30708 1
-0.53912 -0.97105 -0.66526 -0.21862 1
0.25996 0.61338 0.19341 0.058521 1
0.0019196 0.038988 0.28907 0.23001 1
-0.58054 -0.71156 -0.37982 -0.14247 1
0.48334 0.23062 0.12928 0.28557 1
0.20254 -0.39711 -0.63086 -0.331 1
0.65137 0.47771 0.068718 0.036918 1
1.2441 1.6552 1.286 0.67277 1
0.74977 0.77631 0.5159 0.35117 1
-0.91865 -0.95225 -0.48181 -0.29418 1
0.35364 0.40154 0.070095 -0.047284 1
-0.64465 -0.66347 -0.24123 -0.050934 1
0.1437 0.84683 0.88089 0.54573 1
-0.11432 0.25482 0.58744 0.3714 1
0.63672 1.1101 1.2343 0.48182 1
0.61821 1.1681 0.96903 0.40876 1
0.2252 0.14468 0.19641 0.42855 1
0.33661 -0.017297 -0.24447 -0.14522 1
-0.82286 -1.151 -1.0232 -0.39766 1
0.64293 0.38873 0.0053285 0.19817 1
-1.0596 -1.4332 -1.1144 -0.60281 1
-0.52724 -0.24852 0.16152 0.0077468 1
1.0482 1.3816 1.1885 0.53922 1
0.23734 -0.40266 -0.64676 -0.33908 1
-0.81454 -1.4383 -1.2833 -0.62719 1
-0.91799 -0.96633 -0.77723 -0.43539 1
-0.94862 -1.3006 -0.90455 -0.50207 1
0.50919 0.59314 0.27296 -0.037181 1
-0.94648 -1.4248 -1.1453 -0.56765 1
0.16947 -0.0071166 -0.34021 -0.14564 1
-0.27735 -0.82165 -0.94882 -0.39923 1
-0.68038 -0.95103 -0.57843 -0.25708 1
-0.11248 0.084414 -0.0027534 -0.24724 1
0.30313 0.83701 0.9409 0.50298 1
0.11639 -0.1093 -0.029876 0.085955 1
-0.52319 -0.39396 0.10905 -0.098019 1
0.43428 0.47327 0.092189 -0.070697 1
-0.68367 -0.47739 -0.39369 -0.24798 1
-0.68117 -0.7623 -0.61177 -0.49451 1
-0.045984 -0.56163 -0.80398 -0.30808 1
0.025431 -0.09157 -0.38889 -0.28221 1
0.62437 1.2822 1.1762 0.5454 1
0.25282 0.80321 0.78472 0.2827 1
0.47813 0.55775 0.54445 0.45052 1
0.48915 0.58879 0.54028 0.37244 1
-0.84068 -0.89929 -0.6365 -0.42772 1
-0.053164 -0.24474 -0.4186 -0.34371 1
0.57631 0.75587 0.37372 0.2279 1
-0.080348 0.37821 0.58652 0.39055 1
0.7119 1.2222 1.0183 0.50764 1
0.35693 0.89859 0.70106 0.24886 1
0.4748 0.06381 -0.21366 0.024944 1
-0.92913 -1.5594 -1.1669 -0.76451 1
-0.93429 -1.1073 -0.818 -0.55143 1
-0.6583 -0.60651 -0.11702 -0.071005 1
-0.025189 -0.59029 -0.90989 -0.45205 1
-0.82515 -0.63232 -0.22266 -0.3404 1
0.67776 0.91331 1.0106 0.54629 1
-1.0702 -1.574 -1.0369 -0.7889 1
-0.86585 -1.3881 -1.1205 -0.64042 1
-0.08166 0.27665 0.5575 0.16473 1
-0.46323 -0.10846 0.20977 -0.096473 1
0.18315 -0.33368 -0.51035 -0.11094 1
0.36874 0.49521 0.55978 0.40861 1
-0.45414 -1.2985 -1.2545 -0.71237 1
0.63448 1.3184 1.3907 0.7102 1
-0.075958 -0.5614 -0.89652 -0.24362 1
-1.0139 -1.4118 -1.2125 -0.7451 1
-0.44101 -0.52265 -0.49199 -0.46052 1
0.034848 -0.33846 -0.70103 -0.08338 1
0.34044 0.85088 0.91495 0.50135 1
-0.9232 -1.1058 -0.72762 -0.24023 1
-0.76435 -1.3521 -1.0403 -0.49155 1
-0.33693 -0.21748 -0.11755 -0.33832 1
0.49689 0.85365 0.88128 0.30187 1
-0.18056 -0.099575 0.2007 0.29449 1
0.98398 1.3203 0.90738 0.43172 1
-0.42838 -0.24995 -0.25348 -0.31321 1
-0.51812 -0.15535 0.034812 -0.080283 1
0.96886 1.3938 1.0567 0.59837 1
-0.1022 -0.54072 -0.77957 -0.2229 1
0.11957 -0.17537 -0.17559 0.099477 1
1.0635 1.5271 1.197 0.76089 1
-1.0361 -1.3135 -1.057 -0.55046 1
0.0033698 -0.63731 -0.59305 -0.32247 1
-0.98939 -1.1204 -0.72485 -0.49474 1
0.50154 0.0077239 -0.21443 0.095522 1
0.3221 -0.0070156 -0.39409 -0.044199 1
0.8276 1.245 1.0774 0.76441 1
-0.76676 -0.88565 -0.82367 -0.44009 1
-0.91184 -1.4793 -1.2217 -0.62158 1
-0.50523 -0.32386 -0.17252 -0.22076 1
-0.38159 -0.76762 -0.88293 -0.35319 1
-0.77906 -0.72716 -0.38036 -0.2141 1
0.561 0.94954 0.72618 0.35235 1
-0.26811 0.067784 0.38448 0.32431 1
0.6016 0.53335 0.44548 0.40671 1
-0.94914 -1.3221 -1.1551 -0.66015 1
0.87676 1.3912 1.0074 0.62993 1
0.61981 1.214 1.1408 0.56269 1
0.93693 1.2693 0.85707 0.4842 1
-0.39343 -0.061637 0.15772 -0.18055 1
-0.60188 -1.282 -1.2544 -0.70285 1
-1.112 -1.6562 -1.473 -0.78291 1
-0.6302 -0.62871 -0.61309 -0.38142 1
-0.18651 0.26113 0.48375 0.21695 1
0.18138 0.31343 0.011128 -0.13372 1
-0.90282 -1.0364 -0.58564 -0.39854 1
-0.02408 -0.16309 0.061381 0.2032 1
-0.18774 0.049238 0.49827 0.1299 1
0.11807 0.16683 -0.06674 -0.233 1
0.99957 1.0964 0.86512 0.52642 1
-0.52704 -1.0069 -1.1104 -0.63501 1
-0.07007 0.49474 0.75972 0.30805 1
0.37838 0.91949 0.87892 0.49091 1
0.38543 0.8524 0.54803 0.17953 1
-0.65496 -0.94357 -0.43247 -0.37501 1
0.41073 1.0637 0.88733 0.28893 1
-0.080841 -0.52687 -0.70048 -0.20262 1
-0.15759 0.2123 0.54032 0.24213 1
0.23588 -0.22322 -0.55561 -0.30379 1
-0.41198 -0.11076 0.1881 0.036097 1
-0.33298 -0.11162 0.12719 0.12609 1
0.72077 0.95296 0.79573 0.15642 1
-0.058068 -0.40225 -0.4016 -0.0080667 1
0.64982 1.1852 1.0616 0.36639 1
-0.31179 -0.55911 -0.057191 -0.037372 1
-0.37609 -1.0298 -1.0185 -0.39133 1
-0.71872 -0.76369 -0.58998 -0.42629 1
-0.15128 -0.19732 -0.19852 0.31209 1
0.61676 1.1678 1.0634 0.45431 1
-0.41801 -0.64483 -0.8038 -0.41154 1
-0.20579 -0.31544 -0.21721 0.20247 1
0.95188 1.1689 0.98408 0.53718 1
-0.16854 0.040192 0.35205 0.13749 1
0.65203 1.4069 1.3463 0.76046 1
-0.81889 -1.0066 -0.78556 -0.36411 1
-0.735 -0.96506 -0.54348 -0.2592 1
-1.1708 -1.5121 -1.0896 -0.84343 1
0.93784 1.0672 0.60841 0.30253 1
-0.2088 0.15924 0.48629 0.21146 1
-0.027978 -0.51436 -0.74978 -0.26617 1
0.3069 0.98956 1.0451 0.39488 1
-0.009229 0.44028 0.68103 0.34724 1
0.86411 1.0664 0.65894 0.52937 1
0.68579 0.68049 0.52149 0.44543 1
-0.14628 0.26453 0.15641 0.010103 1
0.26084 0.56137 0.30365 -0.031645 1
-0.52563 -0.17314 -0.16668 -0.15694 1
-0.56016 -1.1511 -1.2761 -0.44324 1
1.0788 1.5696 1.1639 0.76769 1
0.28233 0.49571 0.20002 -0.0086757 1
0.43026 0.72729 0.43793 0.040745 1
-0.19951 -0.026983 0.030116 -0.17274 1
0.98157 1.5312 1.0806 0.62636 1
-0.14599 -0.20142 -0.36503 -0.37104 1
0.62993 0.81764 0.48647 0.10623 1
-0.87748 -1.3995 -1.0161 -0.62737 1
-1.03 -1.4343 -1.1197 -0.58966 1
0.66153 1.0269 0.80951 0.34146 1
0.37313 0.99851 0.90489 0.30671 1
0.46433 0.17132 0.0096537 0.24188 1
-0.76138 -0.76436 -0.71411 -0.42538 1
0.39817 -0.018245 -0.2516 0.06069 1
0.77287 0.77465 0.56941 0.42037 1
-0.58385 -0.69909 -0.74886 -0.54636 1
-1.0042 -1.5219 -1.1473 -0.66137 1
0.81934 1.1381 0.94951 0.73768 1
-0.18871 -0.71544 -0.94427 -0.38165 1
0.16794 0.62389 0.83449 0.39836 1
0.34799 -0.025253 -0.3014 0.072379 1
-0.23568 -0.64008 -0.71143 -0.61678 1
0.70665 1.0596 0.86496 0.19218 1
-0.88886 -1.0852 -0.63514 -0.35759 1
1.0301 1.1985 0.85703 0.42214 1
-1.0369 -1.4221 -1.1938 -0.5526 1
0.73742 0.55678 0.081528 0.025493 1
-0.55023 -0.74011 -0.43016 -0.19967 1
-0.66335 -0.52397 -0.46177 -0.31059 1
-0.038446 0.18998 0.50536 0.23127 1
-0.33124 -0.55816 -0.13503 0.030458 1
0.54378 0.13028 -0.04233 0.084376 1
-0.55309 -1.2751 -1.0213 -0.53158 1
0.10394 0.22471 -0.04601 -0.18475 1
0.34154 0.64792 0.27639 0.11275 1
0.59613 0.55467 0.13483 0.10767 1
-0.86626 -1.105 -0.89059 -0.43153 1
-0.6046 -0.46865 -0.47799 -0.31313 1
-1.1025 -1.2705 -0.8197 -0.4813 1
-0.74702 -1.3579 -1.2558 -0.6931 1
0.66529 1.3161 1.0698 0.64758 1
0.4187 0.84891 0.63951 0.1605 1
-0.1702 -0.46299 -0.67993 -0.36682 1
-0.50517 -0.17628 0.10219 -0.17062 1
0.14657 0.18642 -0.14201 -0.13609 1
0.1583 0.33524 0.61147 0.28165 1
0.40584 0.94007 0.75304 0.33998 1
-0.23712 -0.9298 -1.0206 -0.32926 1
-0.043768 0.24071 0.092518 -0.03252 1
0.68697 0.94451 0.49124 0.29252 1
-0.050903 0.501 0.35572 0.14893 1
-0.97364 -1.5085 -1.1095 -0.56804 1
1.0797 1.2775 0.87506 0.53746 1
-0.3975 -0.8605 -1.0629 -0.49875 1
-0.92833 -1.2087 -1.0956 -0.61481 1
1.0061 1.2129 0.97479 0.59633 1
-0.32747 -0.15007 0.17766 0.15964 1
0.25466 0.40553 0.030389 -0.024785 1
0.57053 1.0302 0.88005 0.28637 1
0.9318 0.8469 0.65093 0.27334 1
-0.44458 -0.97088 -1.0135 -0.44774 1
-0.079049 -0.63358 -0.75804 -0.38814 1
-0.016955 -0.0046666 -0.23352 -0.2557 1
0.77417 0.70891 0.58205 0.3841 1
-0.81703 -0.984 -0.65438 -0.61965 1
0.48059 0.60745 0.3426 0.083553 1
-0.8173 -0.57314 -0.34116 -0.38479 1
-0.30832 -0.13477 0.21806 0.10578 1
-0.4906 -0.4644 -0.4779 -0.42836 1
0.26218 0.82312 1.0547 0.53162 1
0.83578 0.87933 0.40108 0.26874 1
-0.99013 -1.0497 -0.59489 -0.37427 1
0.5073 0.7548 0.44949 0.061076 1
0.37867 -0.052404 -0.27822 -0.38969 1
0.24064 0.49905 0.18677 0.0070939 1
-0.56681 -0.50199 -0.39087 -0.38984 1
0.68397 1.0136 0.89599 0.53698 1
-0.7391 -1.2547 -0.92719 -0.54206 1
-0.31168 -0.51305 -0.66736 -0.48183 1
-0.33644 -0.52067 -0.31762 0.021572 1
-0.30386 -0.6739 -0.34656 -0.070703 1
-0.21866 -0.85993 -1.1393 -0.46599 1
-0.25018 0.23184 0.41755 0.070002 1
-0.15092 0.10102 0.41598 0.2351 1
0.67424 0.58075 0.19706 0.15443 1
-0.41572 -0.79602 -0.92844 -0.3981 1
-0.34553 -0.042145 0.31856 -0.0624 1
0.24132 -0.21129 -0.27167 -0.024841 1
0.45635 0.31807 0.24837 0.35585 1
-0.058552 -0.045661 0.28972 0.14974 1
0.15406 0.24168 0.53749 0.28814 1
0.20797 -0.046966 -0.283 -0.051014 1
-0.8182 -1.0407 -0.73819 -0.22399 1
0.095555 0.49558 0.67745 0.38251 1
0.32168 0.15968 -0.10974 -0.21487 1
-0.73728 -1.0156 -0.69998 -0.28173 1
0.99073 1.0625 0.86363 0.57127 1
0.98917 1.3185 1.1078 0.66903 1
0.40655 0.47659 0.19845 -0.050515 1
0.9409 1.1589 0.84777 0.40634 1
-0.5934 -0.9234 -1.0002 -0.53144 1
-1.0449 -1.5114 -1.1421 -0.61954 1
-0.45146 -0.73305 -0.43449 -0.091027 1
-0.62053 -1.3513 -1.3343 -0.72933 1
0.13825 0.48874 0.5702 0.050914 1
-0.24538 -0.60982 -0.6452 -0.1551 1
-0.31894 -0.20528 0.17237 0.19153 1
0.48867 0.11644 -0.097593 0.19063 1
0.055379 0.48197 0.63581 0.34891 1
1.0756 1.5796 1.1663 0.54459 1
-0.66074 -0.48972 -0.39315 -0.39887 1
0.71995 1.1453 1.1447 0.59322 1
-1.1595 -1.554 -1.1777 -0.62376 1
-0.43064 -0.76279 -0.94349 -0.37351 1
0.086365 -0.12886 -0.35087 -0.34739 1
-0.81343 -0.79545 -0.32858 -0.2309 1
0.13657 0.33507 0.087518 -0.15553 1
-0.81222 -1.3342 -1.2927 -0.80605 1
0.45395 1.0405 1.1854 0.49627 1
-1.011 -1.5507 -1.2559 -0.66112 1
-0.25255 -0.0631 -0.21143 -0.17156 1
-0.88342 -1.5447 -1.461 -0.84635 1
0.84613 1.4182 1.2627 0.88629 1
-0.025769 0.59435 0.65187 0.36114 1
-0.59833 -0.66772 -0.75796 -0.44272 1
1.0399 1.1997 0.62377 0.47457 1
0.033457 -0.27854 -0.45928 -0.39246 1
0.55765 0.31733 0.13908 0.15923 1
-0.91498 -1.1712 -0.90977 -0.56896 1
-0.26599 0.042125 0.36458 0.14699 1
-0.21804 -0.55949 -0.48343 0.023689 1
0.70085 0.89079 0.64613 0.23741 1
-0.25201 -0.76295 -0.64285 -0.2612 1
0.72237 0.70733 0.37827 0.31242 1
1.0296 1.5104 1.2654 0.69925 1
0.15254 0.16528 -0.1974 -0.14496 1
0.95588 1.2397 0.82769 0.48465 1
-0.54076 -0.35919 -0.20161 -0.34763 1
0.08327 -0.38918 -0.54058 -0.15863 1
-0.48047 -1.0762 -1.0433 -0.59259 1
0.07682 -0.29265 -0.58313 -0.25764 1
0.22476 0.46626 0.49787 0.5719 1
-1.0036 -1.5091 -1.3106 -0.72412 1
0.33938 0.72922 0.88665 0.2236 1
-0.56661 -0.41632 -0.067109 0.0081761 1
-0.004677 -0.29805 -0.48814 -0.28824 1
-1.0497 -1.5693 -1.2985 -0.57464 1
-0.70826 -0.78935 -0.28742 -0.12341 1
0.34888 0.94628 0.9948 0.63633 1
-0.86595 -0.6006 -0.19124 -0.123 1
-0.3405 -0.20568 -0.26613 -0.31044 1
0.096933 -0.053597 -0.20327 -0.3908 1
0.60954 1.1488 0.8159 0.40023 1
-0.21942 0.1489 0.44673 0.27454 1
0.56039 0.2798 -0.13776 -0.16217 1
-0.59737 -0.71692 -0.20826 -0.075729 1
0.39491 0.57766 0.16126 0.0030413 1
-0.095433 -0.60551 -0.67497 -0.21299 1
-0.032798 -0.27408 -0.52018 -0.33941 1
-0.22871 -0.038949 -0.15937 -0.1572 1
0.76903 1.4149 1.3366 0.81612 1
0.56728 1.3256 0.99729 0.67563 1
-0.31684 -0.92305 -1.085 -0.58388 1
-0.15503 -0.54767 -0.47639 0.047778 1
-0.25319 -0.5819 -0.46753 0.024612 1
-0.066718 0.43215 0.55976 0.26523 1
0.21053 0.17698 0.25316 0.29881 1
0.97549 1.4533 1.124 0.54103 1
-0.53427 -0.41329 -0.36158 -0.3613 1
-0.13918 -0.68001 -0.8927 -0.46943 1
0.97159 1.3659 0.91716 0.52241 1
0.20187 0.7294 0.68375 0.39322 1
0.17527 0.77486 0.84767 0.33497 1
0.50949 0.50823 0.18307 -0.024546 1
-0.82549 -0.61438 -0.26687 -0.2192 1
0.48373 0.16162 -0.3189 -0.07333 1
-0.80399 -1.2494 -0.94734 -0.39062 1
0.14038 -0.02065 0.017311 0.19553 1
0.33111 0.48268 0.079918 0.062637 1
0.53033 1.2528 1.1091 0.63493 1
1.0086 1.6014 1.3346 0.66879 1
0.31573 1.0433 0.98684 0.49709 1
0.19333 0.15143 -0.20913 -0.12738 1
-0.14268 -0.45417 -0.20015 -0.021981 1
-0.66179 -1.0024 -0.74316 -0.35253 1
-0.37411 -0.93478 -0.91117 -0.47342 1
0.70905 0.38877 0.09434 0.035309 1
0.98952 1.0724 0.63664 0.42196 1
0.36469 0.96627 1.0857 0.53707 1
-0.36098 -0.96427 -0.84569 -0.50168 1
0.44578 0.016173 -0.072333 0.059943 1
0.24368 0.22686 0.53679 0.24349 1
0.86638 0.85958 0.55628 0.21249 1
-0.70429 -1.3286 -1.1968 -0.8265 1
-0.85289 -0.87016 -0.59692 -0.47497 1
-0.98808 -1.0571 -0.6588 -0.51792 1
-0.24454 -0.32724 0.014885 0.13388 1
0.997 1.4986 1.3566 0.48233 1
0.50058 1.1635 1.0614 0.65666 1
-1.1685 -1.1909 -0.68798 -0.41579 1
0.07353 0.62106 0.80211 0.22358 1
-0.50798 -0.66007 -0.73034 -0.44298 1
0.13068 0.50935 0.30169 0.049004 1
-0.028459 0.29567 0.087715 -0.047507 1
-0.72689 -0.58998 -0.34133 -0.15649 1
0.31993 0.82301 0.56462 0.22852 1
-1.0764 -1.5349 -1.1514 -0.57285 1
-0.60135 -0.35064 -0.045164 0.062263 1
0.037161 -0.13434 0.15 0.072166 1
0.5061 0.30912 -0.1528 0.15703 1
0.14796 -0.12311 -0.33563 -0.35174 1
0.52423 0.3818 0.33496 0.3956 1
0.76815 1.3275 0.99433 0.40999 1
0.26049 -0.24703 -0.47925 -0.099182 1
0.33355 0.015909 -0.077296 0.19235 1
0.04333 -0.51039 -0.58378 -0.10334 1
1.0053 1.5872 1.1792 0.72794 1
0.49364 0.26972 0.10138 0.13072 1
0.58096 0.78317 0.76908 0.37703 1
-0.35875 -0.39434 0.086424 0.033194 1
0.28666 -0.12626 -0.29777 0.011685 1
-0.87963 -1.124 -0.70686 -0.36799 1
0.33763 0.90072 0.99311 0.34225 1
-0.20015 -0.81331 -0.88084 -0.44278 1
0.51373 0.45048 0.29399 0.50743 1
0.48134 0.50219 0.158 -0.037528 1
0.27583 0.014495 0.039399 0.22704 1
-0.9366 -1.1286 -0.88179 -0.60352 1
-0.61083 -0.72338 -0.72562 -0.42771 1
1.1143 1.8458 1.2669 0.81621 1
-0.52259 -0.5534 -0.065646 -0.029337 1
0.54907 0.56132 0.51118 0.44511 1
-0.5184 -0.87503 -1.0229 -0.50019 1
0.34752 0.42384 0.56677 0.37791 1
-0.66045 -1.5132 -1.3377 -0.62323 1
-0.48775 -0.12112 0.077966 -0.09777 1
0.48184 1.2136 1.3967 0.62284 1
0.25846 -0.27784 -0.29029 -0.14829 1
0.036288 0.42078 0.66018 0.43138 1
-0.54449 -0.51533 -0.45756 -0.44183 1
-0.94283 -1.4388 -1.1331 -0.87053 1
0.52009 0.33886 0.29788 0.24674 1
-0.64107 -0.86132 -0.57175 -0.081058 1
0.3316 0.3874 -0.055728 -0.038605 1
0.56454 0.4452 0.43222 0.30864 1
-0.82301 -0.99741 -0.52136 -0.43122 1
0.7005 0.86499 0.82045 0.64665 1
-0.083829 -0.62524 -0.58947 -0.11036 1
-0.97562 -1.5182 -1.181 -0.67403 1
0.13228 0.45074 0.67046 0.43294 1
-0.17542 -0.35195 -0.47256 -0.35689 1
0.30701 -0.0066915 -0.25162 -0.21884 1
0.307 1.0954 1.0766 0.64267 1
-0.37542 -0.7275 -0.85058 -0.57565 1
0.011376 0.062423 0.026783 0.3893 1
0.9787 1.0652 0.7471 0.53764 1
-0.77453 -0.85318 -0.54976 -0.42551 1
-0.90688 -1.3435 -1.1003 -0.62445 1
-0.43431 -1.0151 -0.85932 -0.42912 1
0.76504 0.67083 0.28261 0.26281 1
-0.819 -1.1129 -0.71411 -0.33848 1
0.39871 0.75661 0.3495 0.088785 1
-0.97629 -1.1923 -0.86705 -0.46963 1
0.71866 1.028 0.63163 0.26394 1
-0.56268 -0.43444 -0.032532 -0.2947 1
0.98222 1.3416 1.069 0.49174 1
-0.59475 -0.56307 -0.4762 -0.33597 1
-0.10173 0.15412 0.0029342 -0.12404 1
0.38698 0.19104 -0.2121 -0.067872 1
0.61827 1.3489 1.0586 0.53977 1
0.82717 1.1466 0.71543 0.31525 1
0.073961 0.23335 -0.13586 -0.18568 1
0.88155 0.8984 0.61972 0.23153 1
0.12519 0.58686 0.7704 0.4104 1
-0.83128 -0.88271 -0.59541 -0.34699 1
0.097351 -0.39444 -0.65553 -0.23893 1
0.59834 1.1189 1.1568 0.49976 1
1.0138 1.4437 1.0402 0.67131 1
-0.027828 0.14544 0.017971 -0.18582 1
0.30891 0.33607 -0.032236 -0.11072 1
0.59493 0.60406 0.444 0.39673 1
0.93859 1.4453 1.1577 0.64116 1
0.25122 -0.15195 -0.48308 -0.1249 1
0.25306 -0.030597 -0.035473 0.12998 1
-0.015436 -0.063647 -0.4867 -0.20654 1
-0.77685 -0.99442 -0.86301 -0.43371 1
-0.35887 -0.22555 0.074837 0.28547 1
-0.28505 -0.047307 0.073954 -0.27803 1
0.94565 1.2571 0.99902 0.59531 1
0.66563 0.34501 0.173 0.23305 1
0.12839 -0.64782 -0.75634 -0.52066 1
-0.62497 -1.1418 -1.1038 -0.55091 1
-0.26198 -0.18806 -0.30509 -0.29338 1
-0.26081 -0.058986 -0.074613 -0.26923 1
1.1242 1.5544 1.3135 0.60213 1
0.38681 0.33684 0.38352 0.46153 1
0.36855 0.32324 0.48062 0.39101 1
-0.82174 -1.0224 -0.67939 -0.26773 1
0.60809 1.0368 0.72828 0.29177 1
-0.48468 -1.115 -1.0703 -0.53258 1
-0.23586 0.11118 0.12863 -0.15677 1
-0.4102 -0.25697 -0.0035069 -0.35726 1
-0.46049 -0.074217 0.21756 -0.067701 1
-0.069059 -0.2564 -0.55079 -0.34216 1
-0.82974 -1.1085 -0.95135 -0.5433 1
-0.10855 0.31044 0.60283 0.31718 1
-0.0070263 -0.057065 -0.48562 -0.16418 1
0.70921 0.80129 0.45373 0.23708 1
-0.22333 -0.29209 -0.46253 -0.426 1
-0.091061 -0.65107 -0.75363 -0.44564 1
-0.90478 -1.3261 -1.0303 -0.46095 1
0.64261 0.45886 0.0083428 -0.016364 1
-0.33892 0.060472 0.32027 -0.033023 1
0.79093 0.62935 0.30429 0.26986 1
0.6088 0.59458 0.52831 0.41075 1
-0.72323 -1.2514 -0.86371 -0.37063 1
0.016206 -0.51148 -0.67585 -0.09606 1
-0.83306 -0.80223 -0.50393 -0.33764 1
-0.48136 -0.92627 -0.51901 -0.19694 1
0.060438 0.06611 0.39753 0.27395 1
-0.16008 0.52438 0.51708 0.28272 1
-0.16767 0.029682 0.36014 0.16615 1
-0.58902 -0.46455 0.001688 -0.15404 1
0.52769 0.46214 -0.038935 0.025277 1
0.060274 0.091397 0.31743 0.35079 1
1.035 1.265 0.99532 0.52851 1
0.32065 -0.015643 -0.28279 0.068106 1
-0.44945 -0.21476 0.19439 0.0032264 1
-0.31836 -0.68994 -0.56517 -0.047005 1
0.28307 0.041287 -0.24351 -0.18847 1
-0.79372 -0.90663 -0.46683 -0.33954 1
-0.77113 -1.3376 -1.1338 -0.52121 1
-0.32578 -0.7885 -0.87283 -0.26934 1
-0.12907 -0.4108 -0.61195 -0.43719 1
0.96745 1.4189 0.93793 0.58222 1
0.20654 0.20059 -0.13054 -0.23511 1
0.067591 0.27682 0.074528 -0.14259 1
-0.33562 -0.21161 -0.29657 -0.24024 1
0.81597 0.72416 0.5312 0.41796 1
-0.15403 -0.32999 -0.075638 0.19708 1
-0.48978 -0.27435 -0.058978 -0.24414 1
0.090103 -0.30446 -0.5715 -0.16935 1
1.1602 1.6712 1.3656 0.76013 1
-0.65217 -0.7221 -0.75987 -0.58339 1
-0.074077 0.30976 0.51276 0.17287 1
-0.90962 -1.0465 -0.78899 -0.4967 1
-0.32856 0.11973 0.29343 0.061952 1
0.013127 -0.42893 -0.57646 -0.34511 1
-0.54321 -0.40882 -0.32407 -0.28759 1
0.87755 1.0803 0.74143 0.43645 1
-0.014185 0.19911 -0.045491 -0.096364 1
0.11074 0.27767 -0.083031 -0.034757 1
-0.35508 -0.92083 -0.66513 -0.27769 1
0.64596 1.0655 0.94149 0.61444 1
-0.35216 -0.99177 -1.0769 -0.38946 1
1.0351 1.3786 1.303 0.69438 1
0.75732 1.0305 0.78936 0.27999 1
-1.1182 -1.4924 -1.0532 -0.67031 1
0.37961 0.25951 -0.025201 -0.15255 1
0.84151 1.0512 0.73142 0.37836 1
0.75397 1.2828 1.1149 0.43854 1
-0.07306 0.12199 0.51688 0.29449 1
0.26251 0.61306 0.81769 0.47116 1
-0.88103 -0.78007 -0.20918 -0.24871 1
-1.015 -1.4712 -1.1224 -0.60125 1
-0.82397 -1.1384 -0.72551 -0.36729 1
-0.44046 -0.10167 -0.1496 -0.058329 1
0.5186 0.55633 0.30199 -0.03547 1
-0.21 -0.44694 -0.60112 -0.42451 1
0.50441 0.22845 0.017285 0.22243 1
-0.010129 -0.10219 0.088882 0.24018 1
-0.41258 0.0051243 0.055928 0.0055404 1
0.15189 0.67573 0.70909 0.35071 1
-0.038954 -0.47815 -0.73364 -0.21499 1
-0.30559 -0.62077 -0.32051 -0.053725 1
-0.72262 -0.77675 -0.5352 -0.45064 1
-0.13677 -0.64325 -0.7085 -0.16063 1
-0.45627 -0.62945 -0.09706 -0.12104 1
0.95528 1.1471 0.57384 0.37963 1
0.76026 1.216 1.2023 0.53244 1
-0.53899 -0.37066 -0.025287 0.068589 1
0.43483 0.94718 0.99303 0.47665 1
0.77573 1.0557 1.0194 0.44538 1
-0.85477 -1.4289 -1.2842 -0.65611 1
0.7892 1.0427 0.70949 0.32655 1
0.3707 0.34661 0.34966 0.41038 1
-0.45827 -0.73803 -0.318 -0.11193 1
0.86487 0.95408 0.77422 0.58939 1
-0.56155 -0.40988 -0.29314 -0.20378 1
-0.053931 0.30732 0.28433 -0.14136 1
0.62706 0.43559 0.16974 0.28786 1
0.72218 1.1663 0.91821 0.54128 1
-0.84654 -1.2982 -1.1805 -0.72746 1
0.62276 0.44545 0.33294 0.33363 1
0.37897 0.099644 -0.28721 0.0093229 1
-1.1058 -1.4455 -1.0025 -0.49773 1
0.80835 0.83256 0.52007 0.4406 1
0.6721 0.52154 0.38752 0.31386 1
-0.92457 -1.0185 -0.76174 -0.53702 1
0.58949 0.84437 0.84516 0.607 1
0.027444 0.56584 0.71335 0.4607 1
-0.27765 -0.91281 -0.90925 -0.46512 1
-0.10502 -0.19079 -0.37744 -0.44796 1
0.44141 0.2767 0.21442 0.32033 1
0.17767 0.20666 0.42861 0.3395 1
-0.57987 -0.24136 -0.078004 -0.030989 1
-0.24741 -0.33317 0.11188 -0.026418 1
-0.66614 -1.2692 -1.0991 -0.46492 1
-0.73455 -1.2812 -1.1278 -0.58597 1
-1.2478 -1.7483 -1.2543 -0.80107 1
-0.026102 0.359 0.57374 0.24973 1
-0.29484 -0.91203 -0.92359 -0.47559 1
-0.14979 -0.78715 -0.80516 -0.25409 1
-0.85531 -0.98745 -0.7613 -0.56392 1
-0.45683 -0.43092 -0.092201 0.03398 1
0.27388 0.65476 0.80561 0.34007 1
-0.4407 0.0022761 0.2036 0.16542 1
0.15663 -0.20237 -0.1239 -0.036263 1
-0.96612 -1.1404 -0.74181 -0.37429 1
-0.20319 0.35765 0.59755 0.32166 1
-0.41355 -0.78639 -0.88915 -0.52304 1
1.1356 1.4844 1.0824 0.54192 1
-0.60976 -0.48338 -0.34003 -0.30048 1
0.80379 0.94038 0.7543 0.52955 1
0.10059 0.14471 -0.1425 -0.097197 1
-0.056925 -0.25567 -0.090083 0.21653 1
0.043534 -0.4898 -0.28635 -0.20152 1
-0.36939 -0.99114 -1.0472 -0.43503 1
1.1844 1.5348 1.016 0.61885 1
1.1755 1.4095 0.92576 0.59836 1
0.05787 -0.35361 -0.54811 -0.12298 1
-0.18191 0.12184 0.4494 0.21437 1
-0.72002 -0.82141 -0.67746 -0.46546 1
0.47301 0.98519 1.0121 0.3747 1
-0.42247 -0.26559 -0.063945 -0.017685 1
0.66753 0.30263 -0.021299 0.025583 1
-0.24244 0.21911 0.41896 0.22073 1
-0.66256 -0.6208 -0.43272 -0.44352 1
0.63039 0.82843 0.60853 0.048665 1
0.49809 1.1967 1.0646 0.55049 1
0.87856 1.0607 0.96492 0.59313 1
-0.59338 -0.3754 -0.29446 -0.30218 1
-0.65328 -1.0688 -1.085 -0.66294 1
0.77862 1.4083 1.3003 0.8785 1
0.1878 0.13582 0.30584 0.28616 1
-0.073649 -0.39071 -0.20481 0.045979 1
-1.1194 -1.503 -1.2918 -0.54157 1
0.41055 1.0087 1.0862 0.59207 1
-0.97494 -0.82894 -0.53021 -0.33021 1
-0.75727 -0.90256 -0.82098 -0.56171 1
1.0092 1.4326 1.1641 0.59078 1
0.81833 1.0871 0.76315 0.66834 1
0.39249 1.0067 1.0684 0.593 1
0.094838 -0.12987 -0.30614 -0.33538 1
0.9966 1.1077 0.66307 0.4253 1
0.79289 1.0925 1.0834 0.64082 1
-1.1468 -1.3031 -0.92137 -0.67524 1
-0.48327 -0.22032 0.060282 0.010283 1
-0.36836 -0.25831 0.11827 0.17032 1
-0.69851 -0.48763 -0.4244 -0.19762 1
0.36557 1.1087 1.1538 0.56516 1
0.54967 0.2911 -0.17348 0.074406 1
-0.43098 -0.12706 0.25995 0.11817 1
-0.77469 -1.5154 -1.2092 -0.6774 1
-0.76798 -1.321 -1.1553 -0.47734 1
-0.11863 -0.5223 -0.73191 -0.26169 1
0.16163 0.17504 0.17244 0.30783 1
-0.97177 -1.2971 -1.1049 -0.31686 1
-0.01084 -0.55146 -0.70109 -0.33229 1
1.0942 1.2483 0.94513 0.51198 1
0.46992 0.11013 0.22903 0.087908 1
-0.1393 -0.45687 0.11863 -0.44434 2
1.5119 2.461 1.86 1.4064 2
1.1268 1.0399 1.0186 0.26617 2
1.2747 1.3044 1.4896 0.42813 2
0.016756 -0.18666 0.071099 -0.29617 2
-0.20364 -0.26106 -0.04353 -0.12103 2
0.90335 1.9276 1.4594 1.4796 2
0.097139 0.67439 0.61234 0.69594 2
0.64122 0.32683 0.38927 -0.097261 2
-0.4137 -0.16634 0.03794 0.075838 2
-0.16018 -0.27833 0.19962 -0.17213 2
1.2326 1.1765 1.2725 0.34775 2
0.96969 1.9399 1.4605 1.429 2
0.41201 0.82699 1.3817 0.61824 2
1.0263 0.82231 1.05 0.17754 2
-0.1343 -0.2932 0.49001 -0.15632 2
-0.033275 0.73141 0.59841 0.7465 2
1.4564 1.6599 1.3969 0.7606 2
0.59893 1.1874 0.55398 1.0343 2
0.43719 1.0996 0.69571 0.96453 2
1.3522 2.1761 1.5025 1.4016 2
0.38907 0.19721 0.60024 -0.23877 2
1.1202 1.7716 1.0713 1.1483 2
1.0702 1.9311 1.8732 1.3121 2
-0.16356 -0.065954 0.013031 0.028751 2
1.131 1.6709 0.93653 1.1159 2
1.3922 2.289 2.1058 1.4566 2
0.023788 -0.40767 0.1876 -0.49638 2
0.083619 0.88629 0.81171 0.88818 2
0.53964 1.4638 1.0173 1.2712 2
0.71972 0.9178 1.4229 0.37213 2
1.0694 1.2371 0.97992 0.51198 2
1.6411 2.0389 1.628 1.0609 2
0.72353 1.3709 0.74525 1.0503 2
1.6049 2.4377 2.0434 1.4813 2
-0.18216 -0.18742 0.35626 -0.12332 2
1.4941 1.5848 1.3682 0.58624 2
0.22908 0.24305 0.98803 0.13343 2
0.31838 1.1007 1.1233 1 2
-0.042079 0.17361 0.094326 0.20529 2
0.92041 1.3014 0.86012 0.76896 2
1.4417 1.588 1.7918 0.6457 2
-0.074298 -0.34541 0.10247 -0.34635 2
1.014 1.8836 1.8209 1.3623 2
0.97006 0.82313 1.1376 0.049364 2
0.20698 0.38154 0.26875 0.27727 2
1.7242 2.3124 1.9351 1.3027 2
0.0060211 0.0468 0.80934 0.019323 2
0.078502 0.18061 0.81489 0.056428 2
1.1202 1.1348 1.3555 0.36164 2
0.75761 0.53211 0.74194 -0.1088 2
1.6633 2.4645 1.9272 1.4633 2
0.89986 0.65393 0.57585 0.15813 2
1.2866 1.6782 1.8164 0.85543 2
1.0352 1.8916 1.8388 1.3748 2
1.2163 2.1919 1.702 1.5819 2
1.0496 1.2712 1.5571 0.50906 2
0.78498 0.76306 0.5294 0.21075 2
-0.38311 -0.24843 0.17176 -0.0047609 2
1.2295 1.3109 1.465 0.6126 2
-0.14518 0.18667 0.26589 0.33029 2
1.5388 2.085 1.4535 1.1042 2
1.3159 1.5958 1.7095 0.74111 2
0.23281 1.1128 1.0257 1.0398 2
0.35199 0.060701 0.54462 -0.26813 2
0.44407 1.2876 1.2033 1.1374 2
0.43437 0.32589 0.42236 -0.033679 2
1.6857 2.4355 1.662 1.4151 2
1.486 1.8392 1.4521 0.91503 2
0.017831 0.16496 0.63369 0.13618 2
0.59011 1.6039 1.039 1.3819 2
-0.16076 -0.090561 0.38126 0.045332 2
0.91513 1.5873 1.7695 1.0728 2
1.4284 2.1104 1.474 1.3516 2
-0.28326 -0.48946 0.12608 -0.3126 2
-0.034342 -0.074054 -0.068074 0.029057 2
0.21649 0.14119 0.86947 -0.046431 2
0.64588 1.0332 0.54225 0.67923 2
0.80389 1.8343 1.8382 1.3684 2
1.5105 2.2418 1.4655 1.2647 2
0.67212 0.40598 0.33839 -0.033612 2
0.050719 -0.095664 0.60473 -0.14802 2
0.46353 0.25302 0.44014 -0.064164 2
0.08568 0.14033 -0.013984 0.16794 2
0.36544 0.65249 0.29577 0.51578 2
-0.15497 -0.20965 0.29477 -0.068727 2
1.3598 2.1078 1.9553 1.4408 2
0.636 0.75921 0.43058 0.29178 2
-0.034403 0.41638 0.29925 0.52309 2
0.057295 0.68856 0.78333 0.76938 2
1.1084 1.0105 0.68505 0.35325 2
1.4592 2.2972 1.8779 1.5282 2
0.3391 1.2655 1.127 1.159 2
-0.025442 0.54177 0.5139 0.65052 2
-0.31546 0.050517 0.42105 0.18282 2
1.7421 2.3533 1.7457 1.2779 2
-0.53853 -0.71353 -0.078252 -0.35367 2
1.5744 2.0656 1.7069 1.1567 2
0.52083 1.0898 1.5798 0.70685 2
1.7438 2.9057 2.2992 1.8341 2
0.21671 -0.072471 0.27598 -0.21666 2
1.2671 1.4518 1.4776 0.69101 2
1.5859 1.9999 1.8186 1.0142 2
1.129 1.8586 1.1353 1.2314 2
-0.14294 -0.4575 -0.24077 -0.40149 2
0.36533 0.48595 1.058 0.30817 2
1.3454 1.3506 1.2832 0.50056 2
0.93952 1.9148 1.8709 1.417 2
1.7012 2.5172 1.9583 1.5046 2
1.1331 1.0787 0.61533 0.45475 2
-0.26149 0.1492 0.21289 0.40607 2
0.5208 0.56756 1.0349 0.15423 2
1.0468 1.1402 0.79133 0.49167 2
-0.20609 -0.38899 -0.12415 -0.27631 2
1.6418 2.2243 1.8599 1.3084 2
1.0252 1.6298 0.88553 1.0556 2
-0.42442 -0.43237 0.088815 -0.15147 2
0.13497 -0.17628 0.13229 -0.38222 2
0.19472 0.93174 0.94795 0.9633 2
0.5613 0.28793 0.42926 -0.12226 2
0.68911 1.0951 1.6455 0.53857 2
1.6335 2.2387 1.6533 1.257 2
0.44961 0.068607 0.17201 -0.28723 2
0.41423 0.042828 0.21049 -0.21229 2
1.9866 2.7106 2.0819 1.5009 2
1.0443 1.3205 0.89688 0.69146 2
0.41347 0.20577 0.18049 -0.10278 2
1.4686 1.6742 1.2148 0.86804 2
1.6383 2.0977 2.07 1.0458 2
0.24708 0.41978 1.006 0.16164 2
0.50669 0.72761 0.3658 0.51952 2
1.6896 2.5115 1.6498 1.5058 2
0.53442 0.74914 1.2516 0.46265 2
1.7136 2.3924 2.054 1.3288 2
1.5753 1.9736 1.8304 1.0152 2
1.4757 1.9595 1.7311 1.0616 2
1.0544 1.1272 0.89164 0.36105 2
0.6989 0.82206 0.49014 0.31525 2
1.4398 1.6977 1.7981 0.7281 2
0.61202 0.94473 1.3842 0.50408 2
0.19492 0.56786 0.34697 0.44335 2
0.47794 0.15272 0.40043 -0.15124 2
1.6872 2.1647 2.1784 1.0957 2
-0.0044087 0.59004 0.65566 0.62898 2
0.049626 0.17092 0.11132 0.15683 2
0.5768 1.1473 0.64515 0.82452 2
0.28878 0.0011626 0.68415 -0.34043 2
0.48124 0.85287 1.3543 0.58734 2
0.39912 0.15206 0.57875 -0.14446 2
-0.22028 -0.75798 -0.14288 -0.65358 2
1.7066 2.1068 1.8837 1.0868 2
1.6036 2.1774 1.5646 1.2548 2
0.52332 0.85535 1.3406 0.52899 2
0.70544 0.4114 0.53046 -0.026491 2
1.5596 1.7971 1.5869 0.8545 2
-0.13258 -0.2089 0.16806 -0.23098 2
0.73248 0.60931 1.0558 0.12478 2
1.2325 1.9882 1.2646 1.2772 2
1.1255 1.4619 1.6149 0.76886 2
1.1746 1.9584 1.3033 1.3426 2
1.3511 2.26 1.8461 1.5887 2
0.64581 0.67311 1.1132 0.31896 2
-0.059939 -0.16116 -0.10407 -0.077818 2
0.056901 -0.54921 0.019348 -0.66752 2
0.99354 1.1831 0.66954 0.61452 2
1.2629 2.2703 2.0519 1.5401 2
-0.18889 0.012102 0.4241 0.25303 2
1.6639 1.917 1.2663 0.90798 2
1.3758 1.5572 1.592 0.63983 2
0.53771 1.2266 0.75972 1.0848 2
1.0133 1.1976 1.6041 0.48127 2
1.1997 2.0891 1.5968 1.5154 2
0.94353 1.8387 1.2168 1.3351 2
0.60222 0.77802 1.2363 0.44512 2
1.0141 2.1348 1.4515 1.5554 2
0.68528 0.64326 0.3941 0.20274 2
0.44941 0.76444 1.3649 0.43657 2
0.61129 1.3536 1.6022 1.0166 2
-0.40068 -0.34424 0.2179 -0.089758 2
1.5091 2.3015 1.5885 1.4869 2
1.0396 1.6589 1.0362 1.2083 2
1.0427 1.8072 1.2988 1.2854 2
1.674 2.4122 1.8751 1.3288 2
1.3617 1.5236 1.557 0.6592 2
0.35056 0.96509 1.3576 0.76769 2
1.0838 2.0296 1.676 1.3902 2
1.338 1.6188 1.8625 0.68457 2
0.40397 1.4777 0.96231 1.2721 2
1.7365 2.7625 2.0254 1.7529 2
1.4483 2.3056 2.0572 1.4927 2
-0.43821 -0.73145 -0.063899 -0.42875 2
1.7311 2.2115 1.7157 1.1344 2
0.30108 -0.10131 0.2458 -0.31455 2
0.67436 1.0034 0.54271 0.63533 2
0.73025 0.98991 0.60239 0.56871 2
1.7176 2.7129 1.9979 1.6802 2
1.0554 1.5242 0.90596 0.98402 2
-0.024388 0.3402 0.19851 0.40075 2
-0.28128 -0.43774 0.021459 -0.24103 2
1.5281 1.7139 1.5672 0.74244 2
1.7017 2.3075 2.0021 1.3278 2
-0.1818 -0.5329 0.020891 -0.34254 2
0.13856 0.48328 0.86055 0.39321 2
0.58711 1.5232 1.1227 1.2468 2
0.40244 0.89521 1.2284 0.75093 2
1.7466 2.5797 2.0037 1.4794 2
0.37074 0.66233 1.2324 0.42953 2
-0.47709 -0.5617 -0.22121 -0.27051 2
0.99049 1.8055 1.8112 1.2138 2
-0.40517 -0.73306 -0.12362 -0.47017 2
0.19634 0.66409 0.95725 0.60906 2
-0.012898 -0.29552 0.37285 -0.38043 2
-0.18491 -0.50455 -0.10232 -0.44605 2
1.1135 2.0316 1.3659 1.4349 2
1.2129 1.3518 0.96593 0.55336 2
1.1951 1.1855 1.1623 0.37714 2
0.42373 0.81308 1.3803 0.51668 2
-0.036525 -0.38594 -0.05169 -0.42258 2
0.85386 1.4026 0.69748 1.0044 2
1.3375 2.3203 2.284 1.5864 2
-0.16953 -0.33936 -0.029181 -0.27566 2
0.059015 0.64736 0.45584 0.65288 2
0.57191 0.86405 1.4407 0.50225 2
0.21058 0.064727 0.44448 -0.1844 2
1.1901 1.526 0.98794 0.82411 2
1.7214 2.6377 1.8072 1.6002 2
-0.2115 0.18873 0.27665 0.38875 2
0.65856 0.39655 0.46706 -0.0641 2
0.36851 0.29512 0.11647 0.092016 2
0.66547 0.88233 1.4004 0.33408 2
0.77044 0.62904 0.45088 0.15193 2
0.65604 0.4937 0.34229 0.13978 2
1.1697 1.25 1.1515 0.40885 2
1.1411 1.1849 1.0749 0.40254 2
0.01249 0.18221 0.099081 0.16231 2
0.67093 1.1149 1.4297 0.83715 2
0.9688 0.77146 1.2133 0.1161 2
1.4059 1.7124 1.4114 0.82061 2
1.6654 1.9695 1.7063 1.0418 2
0.61793 0.5149 0.95507 0.13065 2
0.062158 -0.26581 0.032021 -0.34322 2
-0.36194 -0.3201 0.35444 -0.11462 2
0.29111 0.53819 0.13687 0.46071 2
0.1556 0.68299 0.41134 0.69696 2
1.5647 2.0331 1.6361 1.0938 2
-0.22999 0.049223 0.13796 0.09615 2
0.25633 -0.058534 0.042776 -0.21564 2
1.1562 1.32 1.577 0.52036 2
0.15517 0.090277 0.74493 0.00080125 2
-0.44324 -0.35379 -0.15191 0.074159 2
0.4762 1.0179 0.70009 0.80186 2
0.54823 1.4743 1.3617 1.2273 2
1.332 1.8007 1.1328 0.98824 2
1.4395 2.0555 1.4576 1.1742 2
0.53532 0.35483 0.37235 0.020333 2
0.084446 0.67625 0.87563 0.6277 2
0.94064 1.4905 1.6992 0.93737 2
-0.16267 -0.11868 -0.044632 -0.026971 2
0.3437 0.99629 1.2193 0.85369 2
0.26257 -0.3136 0.33021 -0.50182 2
0.34605 0.051327 0.11755 -0.25497 2
0.39797 0.14735 0.27799 -0.16644 2
0.033668 0.32545 0.99068 0.25615 2
0.41083 0.60832 1.1155 0.34596 2
1.38 2.2417 2.3257 1.2618 2
0.81606 0.94936 1.3453 0.45722 2
0.0060628 0.45909 0.46115 0.53291 2
1.6781 2.3186 1.6937 1.2286 2
0.78921 1.0636 0.65103 0.56681 2
-0.088536 -0.45018 0.30257 -0.41862 2
0.39258 1.1894 1.3394 1.0076 2
0.031778 0.11287 0.75137 0.041639 2
1.1861 1.4818 1.0396 0.74468 2
0.63736 0.8317 0.36793 0.49485 2
1.4505 1.7961 1.34 0.9296 2
1.6018 1.6609 1.493 0.69137 2
0.75718 0.74488 1.2826 0.22022 2
0.76025 1.1953 1.5993 0.79814 2
0.57525 0.77027 1.2781 0.4138 2
1.206 1.081 1.1238 0.28149 2
1.0964 1.846 1.1956 1.3367 2
0.60328 0.44797 0.79443 -0.064389 2
0.19973 0.84402 0.58705 0.8511 2
0.65467 1.4148 0.82179 1.1912 2
-0.27855 -0.26793 0.15129 -0.14932 2
0.73825 1.7829 1.2729 1.4081 2
1.6659 2.2572 1.6801 1.2947 2
-0.18859 -0.4492 0.13741 -0.4394 2
1.6118 2.3106 1.9843 1.3993 2
0.90462 1.4432 0.79751 0.92857 2
-0.21981 -0.75869 -0.211 -0.60948 2
-0.13794 -0.54441 0.19959 -0.61591 2
0.83995 1.7796 1.6516 1.2957 2
-0.25969 -0.35417 0.1954 -0.18322 2
0.03428 0.66121 0.76658 0.73883 2
0.98306 0.8415 0.99064 0.052239 2
0.090556 0.63433 0.40276 0.59198 2
1.5755 1.9769 1.3054 0.95821 2
0.4461 1.3244 1.427 1.1113 2
0.73687 1.009 0.54004 0.57764 2
0.71791 0.57826 0.483 0.05785 2
0.91093 1.7666 1.7634 1.329 2
0.72846 0.93896 1.4249 0.53425 2
0.48622 1.3084 0.79039 1.0943 2
0.26549 0.021139 0.3337 -0.20493 2
0.10851 -0.12792 -0.083073 -0.21649 2
0.81985 1.7632 1.6118 1.3597 2
0.56299 0.59574 1.2667 0.26714 2
-0.1855 -0.4579 -0.26415 -0.32184 2
0.038342 0.25532 0.81283 0.17415 2
-0.13977 -0.3912 -0.24582 -0.23783 2
0.78946 0.47352 0.57233 -0.03152 2
0.69412 1.4369 1.5578 1.071 2
0.00076991 0.49142 0.34643 0.57177 2
0.94571 1.1798 1.5417 0.58366 2
0.99599 1.9578 1.3824 1.4259 2
0.57222 0.89697 0.4817 0.58904 2
0.084137 -0.25546 0.080005 -0.40199 2
0.16963 0.18903 0.064028 0.010257 2
0.069712 0.46349 0.85094 0.5561 2
0.8436 0.93743 0.62112 0.3966 2
0.69263 1.274 1.7305 0.81355 2
0.25868 0.20247 0.91272 0.039153 2
1.2462 2.3803 1.9125 1.6946 2
1.035 1.0054 1.2532 0.23399 2
1.5545 1.9066 1.5343 0.89078 2
1.2314 1.1125 1.2839 0.36144 2
0.38368 0.24778 0.10644 0.020011 2
1.2018 2.3431 1.689 1.6947 2
1.0969 1.8034 1.118 1.2132 2
0.23954 -0.041819 0.25334 -0.27174 2
0.81351 0.67611 0.63947 0.13867 2
1.2882 1.3498 1.4389 0.55057 2
1.4568 1.7638 1.2473 0.86304 2
0.35297 0.69819 1.2304 0.46094 2
0.14155 0.10364 0.7463 0.044671 2
0.93589 1.8302 1.6765 1.3932 2
-0.12148 -0.035866 0.12123 0.065904 2
0.84023 1.1851 1.5495 0.80672 2
1.2206 2.1707 1.8372 1.6399 2
0.057774 -0.19437 0.47595 -0.30395 2
0.60597 0.39365 0.51482 -0.039055 2
0.21175 0.42085 0.2893 0.29158 2
0.11607 0.77629 0.7265 0.84458 2
-0.18909 -0.32627 0.28244 -0.27152 2
1.4527 2.3567 1.8544 1.4327 2
0.22683 0.25328 0.21888 0.061399 2
-0.21905 -0.23518 0.091498 -0.14581 2
0.090472 0.61582 0.3529 0.68249 2
0.010169 -0.25622 -0.028848 -0.25689 2
1.1213 0.76062 0.97679 0.064135 2
1.2707 1.2147 0.93082 0.42805 2
-0.013861 0.27173 0.13859 0.344 2
0.92926 1.9827 1.7111 1.4988 2
0.46809 1.3341 0.97345 1.1129 2
-0.073851 -0.37889 0.27643 -0.35484 2
0.60758 0.61347 0.36906 0.22337 2
0.88042 1.5276 1.8346 0.96014 2
0.81909 0.50478 0.73569 -0.077866 2
0.83879 0.92979 0.53659 0.4558 2
0.047798 0.50247 1.0822 0.42771 2
0.53241 0.49619 1.1485 0.1939 2
-0.45627 -0.78369 -0.055165 -0.49541 2
-0.35505 -0.5504 0.086442 -0.48657 2
0.63229 1.5402 0.98233 1.2425 2
0.49205 1.2403 0.71597 0.93129 2
1.2833 1.1755 1.1432 0.31369 2
0.13769 0.57779 1.0471 0.47792 2
1.0053 0.83175 0.71302 0.21085 2
1.2536 1.1926 1.386 0.42821 2
0.14892 0.63566 0.52422 0.61416 2
1.0694 1.1839 0.7294 0.43569 2
0.78872 0.59545 1.0504 0.23543 2
1.2825 1.5875 0.98163 0.80481 2
1.4008 1.5615 1.6184 0.63584 2
-0.37416 -0.091142 0.11636 0.19041 2
-0.37281 -0.56276 -0.064349 -0.36395 2
0.02399 -0.31869 0.2555 -0.3451 2
0.89145 0.99867 0.64548 0.31918 2
1.1309 1.0502 0.97547 0.32877 2
-0.0069262 -0.079531 0.70333 -0.083627 2
1.1369 0.94598 1.2108 0.20202 2
0.12354 0.43483 0.84143 0.42048 2
0.80588 0.47148 0.44794 -0.041064 2
-0.34921 0.083624 0.17223 0.34542 2
0.56322 0.8108 0.42034 0.52138 2
-0.11552 0.15027 -0.032091 0.30793 2
1.3789 1.888 1.2648 1.1517 2
0.75553 0.82515 1.2694 0.34897 2
1.7751 2.1758 1.8905 1.0805 2
-0.068756 -0.39149 0.16764 -0.4427 2
-0.45702 -0.52904 0.045152 -0.31149 2
0.7056 0.65747 0.71444 0.15872 2
-0.019807 -0.086684 0.41143 -0.18302 2
0.13255 0.77318 1.1166 0.79372 2
0.70367 1.259 0.76832 0.91113 2
1.0238 2.0147 1.2373 1.4364 2
1.2779 1.3061 1.127 0.52721 2
1.2502 2.2139 1.622 1.4297 2
0.95752 0.91283 0.74019 0.21381 2
0.8325 0.68658 1.0663 0.15577 2
-0.20423 0.21181 0.58424 0.3534 2
1.0547 1.3648 1.7937 0.82349 2
1.2338 1.6993 1.8191 0.97508 2
0.39326 1.0386 0.5176 0.90028 2
0.29539 0.46431 1.1072 0.28913 2
1.442 1.9051 1.4463 1.0937 2
-0.31426 -0.31848 -0.063504 -0.12914 2
-0.045675 0.39081 0.40339 0.42561 2
-0.20846 0.15219 0.37897 0.24493 2
-0.35405 -0.49773 0.21729 -0.29668 2
0.96666 0.4918 0.57603 -0.1507 2
1.6243 2.1685 1.9793 1.2317 2
1.6221 2.3242 2.0628 1.4075 2
-0.23226 -0.084995 0.13682 0.097223 2
0.332 -0.054687 0.73888 -0.23825 2
1.3053 1.2592 0.97702 0.42504 2
1.2736 2.225 2.0019 1.5216 2
0.89715 1.9207 1.6703 1.4586 2
0.35625 0.37651 1.0313 0.16046 2
0.53409 0.98367 0.44067 0.64812 2
1.6281 2.2257 1.8393 1.3325 2
0.32594 0.56581 0.11969 0.44114 2
0.8383 0.8058 0.52863 0.26169 2
-0.056213 -0.4464 -0.18324 -0.37876 2
1.2149 2.0578 1.8488 1.3723 2
0.42125 0.71989 1.2164 0.459 2
0.14457 -0.43581 0.31337 -0.50798 2
0.041278 0.116 0.62084 0.061925 2
-0.10417 0.3726 0.6449 0.5028 2
0.71401 1.1614 1.5765 0.70179 2
-0.04899 -0.26543 0.14239 -0.365 2
1.0255 2.0865 1.9376 1.5437 2
0.31482 0.28883 0.95982 0.02939 2
0.16803 0.9651 0.86565 0.93358 2
-0.26506 -0.5732 -0.14504 -0.48295 2
0.16855 0.1685 0.81746 0.081006 2
0.60179 0.18067 0.60153 -0.24492 2
0.73947 0.8859 1.437 0.34485 2
0.051697 0.016207 0.72281 -0.055961 2
1.8765 2.8968 2.2399 1.7224 2
-0.062007 0.25564 0.80147 0.2422 2
0.60578 1.2531 1.5488 0.95332 2
0.87239 0.78616 1.0846 0.22304 2
0.53169 0.095202 0.23332 -0.24417 2
0.49593 0.64025 1.2299 0.36447 2
1.6637 2.4736 1.9337 1.4573 2
0.49157 1.2723 0.76514 0.98936 2
0.98388 1.085 1.4445 0.45032 2
1.55 2.2767 1.8415 1.3822 2
1.633 2.5847 1.8476 1.6132 2
0.47434 0.99844 0.55003 0.75542 2
1.1018 2.2323 1.4427 1.5601 2
0.038116 0.35704 0.89358 0.2764 2
1.0561 1.1859 0.71251 0.59762 2
0.51347 1.5278 1.1997 1.2707 2
0.25896 1.0085 0.67178 0.88956 2
-0.057477 -0.48554 0.10039 -0.50911 2
0.10896 -0.39663 0.010686 -0.41747 2
-0.221 0.0082666 0.29855 0.14728 2
1.2376 1.4103 1.0329 0.67994 2
0.82465 0.72335 1.2001 0.14961 2
0.026998 0.68709 0.48353 0.84925 2
1.4095 1.9382 1.5579 1.1705 2
0.13173 0.47276 0.3169 0.51997 2
-0.1325 0.14195 -0.010735 0.27277 2
0.97511 1.6484 0.97364 1.1225 2
0.38761 0.061537 0.37311 -0.36417 2
1.4995 1.7407 1.1833 0.86401 2
0.15946 -0.057596 0.45395 -0.26372 2
0.28771 -0.053395 0.29121 -0.23633 2
-0.016163 0.55505 0.57493 0.65059 2
1.4143 2.3694 2.28 1.5169 2
-0.31431 -0.45725 0.037535 -0.36635 2
0.86895 1.8716 1.6519 1.42 2
1.2495 1.6075 1.6704 0.77391 2
0.68329 0.88094 1.4355 0.4976 2
1.2125 2.3416 1.7706 1.6828 2
-0.03781 -0.050538 -0.1382 0.068089 2
1.2017 2.0324 1.2601 1.3753 2
1.4732 1.6313 1.6359 0.73582 2
0.31265 0.72088 0.38117 0.65264 2
0.61315 1.385 0.8041 1.0779 2
0.24171 0.35011 0.9719 0.22145 2
1.6719 2.4816 1.8124 1.4846 2
1.4604 2.4819 1.7181 1.6474 2
1.5056 2.2794 1.7474 1.4156 2
1.5086 1.6938 1.5986 0.72451 2
0.46245 0.87774 1.3513 0.60243 2
0.02055 0.5668 0.4944 0.66956 2
-0.041807 0.43675 0.32834 0.51962 2
1.3348 2.0586 1.2817 1.2634 2
0.27501 1.0685 1.0145 1.0219 2
1.4408 2.2549 2.0858 1.4359 2
1.2356 1.7191 0.97418 0.96255 2
0.24845 0.4388 0.94396 0.27745 2
0.84921 1.1234 1.6074 0.62122 2
0.70165 0.97585 1.3704 0.70588 2
0.50445 0.64631 0.31116 0.42364 2
0.43041 0.86333 0.44609 0.5997 2
0.52697 0.22651 0.49973 -0.20664 2
1.4047 1.5106 1.3862 0.63177 2
0.70469 0.83435 0.46894 0.32448 2
0.85346 1.3943 0.80104 0.85095 2
-0.018302 0.33475 0.13204 0.42632 2
0.58243 0.99197 0.55318 0.67606 2
-0.21842 0.14399 0.25839 0.39986 2
0.47196 0.19946 0.37835 -0.17394 2
0.93714 0.82268 0.91448 0.13323 2
1.6496 2.2452 1.9108 1.3257 2
-0.078723 0.22409 0.23774 0.39177 2
-0.15309 -0.27523 0.08596 -0.19213 2
1.1397 0.93239 0.73182 0.27419 2
-0.35822 -0.34272 -0.0044633 -0.10761 2
-0.10886 0.26537 0.5646 0.35354 2
0.12135 0.32296 0.87869 0.30435 2
1.7499 2.1443 1.6013 1.157 2
1.6647 2.346 1.7282 1.4597 2
1.4362 1.9508 1.2422 1.0886 2
0.25529 0.55536 1.1069 0.40651 2
1.3324 1.7589 1.7667 0.90356 2
1.5129 2.0055 1.4238 1.1085 2
0.074919 0.43001 0.86559 0.42711 2
0.59944 0.92318 0.60704 0.51792 2
1.351 1.648 1.3303 0.74235 2
1.1816 1.6134 1.7363 0.90834 2
-0.5439 -0.64228 -0.046048 -0.33421 2
1.1143 1.6449 1.1494 0.90932 2
-0.11477 -0.3636 0.20944 -0.38693 2
-0.37279 -0.078703 0.10541 0.22032 2
0.096042 -0.23188 0.17263 -0.38871 2
0.52439 0.083418 0.49591 -0.3078 2
1.7658 2.4874 2.0444 1.39 2
1.3702 2.1136 1.6916 1.4063 2
0.63401 0.92328 0.46124 0.54627 2
0.75172 1.1025 0.52467 0.70361 2
1.3739 1.6651 1.2684 0.84723 2
0.29056 0.56848 0.15639 0.38964 2
0.19551 0.32804 0.93396 0.15629 2
1.4636 2.4909 2.0043 1.7005 2
1.5106 2.0762 1.4724 1.2202 2
-0.10884 0.313 0.22132 0.53482 2
0.068622 0.51568 1.0434 0.38236 2
0.93855 1.7597 1.7295 1.3241 2
0.15075 -0.14813 0.12712 -0.22618 2
0.61951 1.2093 0.67938 0.87397 2
0.072683 0.59609 0.9781 0.62458 2
0.56317 0.62589 1.2266 0.21798 2
1.6001 2.6991 2.1232 1.7678 2
0.34064 0.92165 1.3082 0.72324 2
0.29626 0.89308 0.63715 0.76647 2
0.83623 0.93577 0.53775 0.44168 2
0.6012 1.6215 1.5717 1.3594 2
0.59893 0.93861 0.41913 0.77686 2
1.202 1.544 1.5913 0.84096 2
-0.28431 0.13236 0.41331 0.36836 2
0.82839 1.7247 1.8031 1.2034 2
-0.11398 0.79993 0.68458 0.99071 2
1.1499 1.4768 1.0157 0.79236 2
-0.12445 0.21547 0.1781 0.28131 2
1.3546 2.0865 2.0813 1.1804 2
0.79568 0.804 0.55326 0.25159 2
-0.011486 0.47321 0.32545 0.62265 2
-0.29791 -0.12594 0.4806 0.0374 2
1.0564 0.97826 1.2702 0.31623 2
0.64692 1.2794 1.5144 0.95506 2
1.1466 2.1513 1.8506 1.5412 2
1.7488 2.3533 1.7895 1.324 2
1.3615 1.9097 1.9841 1.0616 2
-0.30594 -0.0050669 0.2242 0.12015 2
0.22526 -0.14417 0.12415 -0.32579 2
1.1075 1.2712 0.68293 0.68697 2
1.3777 1.3446 1.3597 0.55902 2
1.6476 2.5668 1.9566 1.6678 2
0.67786 1.6002 0.9529 1.1955 2
0.39876 0.55341 1.1568 0.32474 2
0.20645 0.77677 1.2714 0.62332 2
-0.11907 -0.13959 0.44418 -0.12607 2
1.6387 2.5323 1.9818 1.6066 2
1.0719 1.0862 1.1425 0.31841 2
0.91721 1.189 0.76629 0.5857 2
1.1938 2.0003 1.9556 1.4033 2
0.14148 0.011629 0.73262 -0.077622 2
-0.33077 -0.11651 0.28943 0.10089 2
0.10773 0.24562 0.93624 0.18449 2
0.81863 1.7456 1.2072 1.3397 2
0.44954 0.072595 0.39355 -0.24288 2
1.099 1.5163 1.7283 0.83628 2
0.41026 0.085315 0.56924 -0.15335 2
0.52169 0.51134 1.0658 0.2327 2
0.68754 1.5314 1.5821 1.1507 2
1.3822 1.6128 1.6547 0.78166 2
1.0574 1.3571 0.80729 0.67137 2
-0.33099 -0.085582 0.10583 0.18026 2
1.6047 2.6232 2.298 1.6584 2
0.46142 0.23705 0.33206 -0.16685 2
0.53747 0.45949 0.42911 0.091089 2
1.3632 1.7656 1.2005 0.81717 2
0.040008 -0.35691 0.30559 -0.45694 2
0.189 0.77838 0.67478 0.71246 2
-0.28569 0.18856 0.62917 0.43493 2
1.5153 2.6314 2.0621 1.7747 2
0.80409 1.6757 1.0877 1.1838 2
0.7371 1.8114 1.2966 1.4216 2
1.4389 1.6814 1.5766 0.80588 2
-0.067431 0.47942 0.59648 0.51604 2
0.33333 -0.084955 0.52964 -0.31075 2
1.5483 1.9541 1.796 1.0144 2
0.95418 1.4019 1.6626 0.85208 2
1.4651 2.3785 2.0018 1.5223 2
0.11742 -0.30416 -0.10925 -0.34817 2
0.23499 0.86274 0.48154 0.83012 2
0.3001 0.35957 1.0179 0.13176 2
0.60514 0.87882 0.46718 0.50125 2
0.39045 0.70036 0.31096 0.54279 2
0.57689 1.4363 1.3756 1.2666 2
1.0512 1.9341 1.8451 1.3405 2
0.74905 0.60146 0.51199 0.22095 2
0.86096 0.89762 0.60959 0.34708 2
1.6526 1.8134 1.7357 0.82188 2
0.71402 1.7135 1.3225 1.385 2
0.42983 1.2637 0.96529 1.0429 2
0.26895 0.53061 1.0229 0.39975 2
0.54733 0.083177 0.34861 -0.29163 2
0.6553 1.5031 1.0452 1.2444 2
-0.33518 0.10168 0.24255 0.40841 2
-0.22473 -0.43844 0.052719 -0.40791 2
0.041511 0.60594 0.36696 0.62815 2
0.81893 0.85651 0.65764 0.33597 2
0.94134 0.92872 0.85261 0.21368 2
-0.32751 -0.36004 0.23213 -0.086836 2
0.64112 0.17746 0.53645 -0.31159 2
1.5613 2.4865 2.1001 1.5715 2
0.377 0.10334 0.27432 -0.23269 2
1.6095 2.5188 1.986 1.6009 2
0.72031 1.73 1.7168 1.3844 2
0.36046 0.41462 0.99935 0.2711 2
0.44679 1.1366 0.68755 1.0029 2
0.54984 0.98074 0.45447 0.80459 2
0.38623 0.87336 0.40024 0.72719 2
0.07959 0.10619 0.69768 -0.0080591 2
-0.42999 -0.38861 0.0081869 -0.16805 2
1.0052 0.59171 0.66766 -0.061996 2
-0.27422 -0.43733 0.11998 -0.27792 2
0.33225 1.1092 1.0101 1.0317 2
-0.030499 0.47632 0.39022 0.62233 2
0.8679 1.1526 0.5806 0.64126 2
1.3628 2.4341 2.0839 1.6907 2
-0.6334 -0.49097 -0.20746 0.054409 2
1.0663 0.92788 1.2129 0.18669 2
0.26684 0.0031178 0.042438 -0.16961 2
1.423 1.8902 1.9575 1.0821 2
0.16034 -0.23826 0.36704 -0.3599 2
0.97065 1.7095 1.8692 1.1069 2
1.1905 1.8599 1.086 1.2142 2
0.2749 0.7136 0.29394 0.59662 2
0.72745 1.3631 0.77781 1.0475 2
1.107 1.167 1.4011 0.45272 2
1.4327 1.6337 1.5619 0.76973 2
-0.31909 0.019176 0.20451 0.30694 2
-0.092311 -0.036754 0.71639 0.04778 2
1.1992 1.7736 0.99723 1.0593 2
0.45615 1.3626 1.1021 1.2033 2
1.2466 1.9131 1.2986 1.1002 2
0.80036 1.2828 0.83434 0.77934 2
-0.033219 0.70411 0.51974 0.79146 2
0.52453 0.2152 0.29417 -0.20743 2
-0.074482 0.059037 0.32393 0.079427 2
1.7729 2.6088 2.1591 1.5212 2
1.5266 2.4756 2.1012 1.59 2
0.31893 1.1414 0.67793 1.0927 2
-0.31462 -0.40673 0.097079 -0.3075 2
1.0911 0.95129 1.1417 0.30619 2
1.0004 1.5439 0.83368 0.99428 2
-0.059758 0.36281 0.421 0.45778 2
-0.035235 -0.33664 0.035503 -0.30723 2
-0.031498 -0.29471 0.18972 -0.36283 2
0.3015 1.1457 1.0981 1.1198 2
1.5311 2.4701 1.963 1.6073 2
-0.31244 -0.46137 -0.023328 -0.19156 2
0.52545 1.0368 1.4472 0.76867 2
0.65166 0.51386 0.49098 -0.011168 2
-0.31671 -0.27914 0.33545 -0.068132 2
1.3933 2.3547 1.8694 1.5337 2
0.040453 0.16278 0.14928 0.19691 2
0.013449 0.88516 0.85986 0.91801 2
0.41032 1.3195 1.0175 1.2071 2
-0.076617 0.14544 0.33013 0.18365 2
0.36392 0.49542 1.092 0.26516 2
0.94638 1.3152 0.75269 0.787 2
0.40224 1.3767 1.2973 1.3737 2
0.73079 0.39112 0.60137 -0.10958 2
0.22628 0.4726 0.98719 0.42495 2
-0.013832 0.82998 0.96548 0.9186 2
1.1606 2.1039 1.5935 1.4921 2
1.3667 1.5437 1.7841 0.70616 2
0.68857 0.3829 0.50589 -0.05581 2
0.74262 1.0911 0.56055 0.59433 2
1.1984 1.852 1.9744 1.1453 2
0.5411 0.71393 1.2166 0.41704 2
0.81983 0.6227 0.7236 0.029707 2
0.41399 0.79345 0.4791 0.51875 2
0.94317 0.85883 1.1492 0.1667 2
1.3343 1.4732 1.545 0.73127 2
1.3172 1.6748 1.0895 0.88717 2
1.1068 1.0925 0.80292 0.43408 2
0.97769 1.1537 1.5056 0.55057 2
0.77339 1.8474 1.7389 1.3746 2
1.3009 1.1636 1.2176 0.3754 2
0.20239 0.067885 0.7907 -0.11369 2
1.3724 1.9806 1.2437 1.2016 2
1.6198 2.2248 2.0981 1.1996 2
1.1901 1.2663 1.4808 0.47973 2
0.91053 0.73914 0.6321 0.19275 2
0.39048 1.2922 0.95744 1.0985 2
1.3404 2.0752 1.4006 1.3729 2
0.07616 -0.16455 0.0039321 -0.23461 2
1.7546 2.5684 2.0148 1.5948 2
0.28896 1.2658 1.0744 1.1102 2
0.54601 0.19069 0.57647 -0.23351 2
0.50722 0.81482 1.332 0.56902 2
0.59923 1.2959 1.4542 1.004 2
0.66654 0.7206 0.5086 0.31645 2
0.9787 0.57491 0.59788 -0.00078406 2
1.192 2.019 1.2709 1.2367 2
1.2373 2.0958 1.6145 1.4057 2
0.87671 1.7004 1.0974 1.3298 2
0.64261 1.3918 1.3489 1.1178 2
0.32449 0.90154 0.43418 0.76908 2
0.62813 0.75574 1.3517 0.30296 2
1.0555 1.7606 1.1064 1.1807 2
-0.0018617 0.11299 0.68104 0.070716 2
0.68685 0.92086 1.3976 0.43822 2
0.67302 1.4219 1.6602 1.1352 2
-0.2646 -0.11422 0.36255 0.035517 2
1.0725 1.0418 1.4064 0.27493 2
0.54858 0.95731 0.52826 0.66752 2
0.65569 1.8494 1.3141 1.5641 2
1.7403 2.4427 2.1677 1.3329 2
1.5887 2.2195 1.7061 1.2818 2
-0.079187 0.33643 0.34935 0.39902 2
0.78325 1.5067 1.6813 1.0617 2
0.96383 0.74027 0.9154 0.15625 2
0.3985 1.4669 1.2458 1.1827 2
0.27768 0.38137 1.0413 0.21402 2
0.047789 0.82425 0.83158 0.83544 2
-0.4269 -0.50342 -0.31462 -0.19646 2
0.67852 1.6871 1.0624 1.2947 2
-0.25629 -0.31333 0.35604 -0.25737 2
-0.029385 0.072647 0.0015527 0.17621 2
0.67357 0.74151 1.3324 0.29049 2
1.2107 1.8223 1.9821 1.1341 2
0.68202 0.33614 0.58363 -0.10434 2
1.2439 2.236 1.5283 1.6111 2
0.71659 1.336 0.8074 1.0453 2
0.88347 1.1246 1.5537 0.56829 2
1.5307 1.7649 1.2337 0.88691 2
1.4006 1.6131 1.5431 0.73777 2
0.45625 0.29989 0.11664 0.041389 2
1.1711 1.1373 0.91223 0.44564 2
1.5804 2.4025 1.7719 1.506 2
0.21267 0.14701 0.86451 -0.052337 2
1.1033 1.0183 0.83382 0.39181 2
0.1157 -0.26792 0.37446 -0.33243 2
1.369 1.5836 1.6888 0.80718 2
1.0099 1.3116 1.6474 0.73286 2
0.21156 0.95187 1.0797 0.97519 2
-0.2181 0.27549 0.27293 0.49146 2
-0.35022 -0.26862 0.46144 -0.068141 2
1.4945 1.8234 1.2317 0.85143 2
-0.049638 -0.53485 0.28492 -0.59785 2
1.5933 2.1761 2.1919 1.2972 2
0.88947 0.3949 0.69918 -0.1562 2
-0.12701 -0.21082 0.13877 -0.072226 2
1.2785 2.0582 1.5685 1.372 2
0.17792 0.61589 1.0457 0.50622 2
0.76119 0.53192 0.78429 0.04349 2
-0.053382 0.4322 0.65352 0.5295 2
0.57983 0.15436 0.38709 -0.31789 2
1.0497 1.0437 1.3736 0.40526 2
1.0904 0.88795 1.198 0.20326 2
0.91734 0.82234 0.5901 0.27974 2
0.78375 0.89936 0.39507 0.54124 2
0.093461 -0.1649 0.55668 -0.24369 2
0.22045 0.0052051 0.60112 -0.17853 2
0.19003 0.096083 0.78808 0.037705 2
0.45115 0.46682 0.10102 0.28157 2
0.81948 0.52634 0.66299 0.04787 2
0.17999 0.39673 0.13784 0.31832 2
0.63678 1.1423 1.5636 0.7866 2
0.67009 0.8715 0.46875 0.47678 2
1.4276 1.6183 1.3157 0.7594 2
0.71813 0.28141 0.23788 -0.1613 2
0.53982 0.73547 1.1892 0.38405 2
1.5899 2.1123 1.8233 1.0844 2
-0.1521 0.23414 0.57869 0.2513 2
1.7228 2.157 1.6094 1.1007 2
0.60897 1.6751 1.5533 1.3541 2
0.0015845 -0.16634 0.18461 -0.21206 2
0.95182 1.686 1.7237 1.1851 2
